147696.000000 0.000000 0.000000 0 0
186355.000000 0.000000 0.000000 1 1
176121.000000 0.000000 0.000000 15 15
110215.000000 0.000000 0.000000 6 6
157080.000000 0.000000 0.000000 12 12
160461.000000 0.000000 0.000000 14 14
159330.000000 0.000000 0.000000 5 5
150975.000000 0.000000 0.000000 16 16
148785.000000 0.000000 0.000000 18 18
169653.000000 0.000000 0.000000 11 11
143380.000000 0.000000 0.000000 13 13
195625.000000 0.000000 0.000000 2 2
137026.000000 0.000000 0.000000 9 9
142311.000000 0.000000 0.000000 19 19
226128.000000 0.000000 0.000000 4 4
155403.000000 0.000000 0.000000 10 10
177906.000000 0.000000 0.000000 17 17
140715.000000 0.000000 0.000000 8 8
228150.000000 0.000000 0.000000 3 3
187578.000000 0.000000 0.000000 7 7
0.000000 10068583.795071 0.000000 2 9
0.000000 9336900.201699 0.000000 0 12
0.000000 8678681.657419 0.000000 0 18
0.000000 9066671.438324 0.000000 0 17
0.000000 8772922.880527 0.000000 0 14
0.000000 10818692.196722 0.000000 2 4
0.000000 10559458.358184 0.000000 1 4
0.000000 8930990.306884 0.000000 0 11
0.000000 8825100.301448 0.000000 0 1
0.000000 10183338.692357 0.000000 1 17
0.000000 9401547.212714 0.000000 0 4
0.000000 8978851.570673 0.000000 0 8
0.000000 10435470.796125 0.000000 1 13
0.000000 8020203.665181 0.000000 0 19
0.000000 8741550.771042 0.000000 0 10
0.000000 8997422.106691 0.000000 0 2
0.000000 10691660.750210 0.000000 2 13
0.000000 10155354.391364 0.000000 2 1
0.000000 10426420.198280 0.000000 2 3
0.000000 9859963.512608 0.000000 1 15
0.000000 8888955.168780 0.000000 0 16
0.000000 9906197.964736 0.000000 1 7
0.000000 8392607.669435 0.000000 0 0
0.000000 10826245.944694 0.000000 2 5
0.000000 9426256.040706 0.000000 1 0
0.000000 8819920.937473 0.000000 0 7
0.000000 10277205.757039 0.000000 2 11
0.000000 8449127.827933 0.000000 0 6
0.000000 8749695.821663 0.000000 0 9
0.000000 9007986.101754 0.000000 1 19
0.000000 10084702.775422 0.000000 1 8
0.000000 8778756.384242 0.000000 0 15
0.000000 9722709.595989 0.000000 2 6
0.000000 10353651.173875 0.000000 2 2
0.000000 10744300.600020 0.000000 2 12
0.000000 10332281.403351 0.000000 2 8
0.000000 10176585.848523 0.000000 1 3
0.000000 9827323.799935 0.000000 1 9
0.000000 10102024.810004 0.000000 2 15
0.000000 10566831.105679 0.000000 1 5
0.000000 9818175.590244 0.000000 1 10
0.000000 9853411.544051 0.000000 1 14
0.000000 9291155.667879 0.000000 0 13
0.000000 9408111.491412 0.000000 0 5
0.000000 10059210.997528 0.000000 2 10
0.000000 9983734.574142 0.000000 1 16
0.000000 9060659.086273 0.000000 0 3
0.000000 10105560.490853 0.000000 1 2
0.000000 10486849.307644 0.000000 1 12
0.000000 10228834.441014 0.000000 2 16
0.000000 9489737.321345 0.000000 1 6
0.000000 9912015.228575 0.000000 1 1
0.000000 10030946.833230 0.000000 1 11
0.000000 10095311.991109 0.000000 2 14
0.000000 10149394.314124 0.000000 2 7
0.000000 9657669.855170 0.000000 2 0
0.000000 10433338.823858 0.000000 2 17
0.000000 9747563.405632 0.000000 1 18
0.000000 11180620.117279 0.000000 3 2
0.000000 10862662.355142 0.000000 3 10
0.000000 10499283.844804 0.000000 3 6
0.000000 10966484.933996 0.000000 3 1
0.000000 11690962.074745 0.000000 3 5
0.000000 11259201.364138 0.000000 3 3
0.000000 10960048.812082 0.000000 3 7
0.000000 9229131.423356 0.000000 2 19
0.000000 9986865.289561 0.000000 2 18
0.000000 10429049.236716 0.000000 3 0
0.000000 10872783.778856 0.000000 3 9
0.000000 11157543.496447 0.000000 3 8
0.000000 11682804.991849 0.000000 3 4
0.000000 11545627.263826 0.000000 3 13
0.000000 11045833.997255 0.000000 3 16
0.000000 9966282.495362 0.000000 3 19
0.000000 10901646.814634 0.000000 3 14
0.000000 10908895.801322 0.000000 3 15
0.000000 11098068.836401 0.000000 3 11
0.000000 11602471.574606 0.000000 3 12
0.000000 11266672.595524 0.000000 3 17
0.000000 10784538.235989 0.000000 3 18
0.000000 10917817.101438 0.000000 4 1
0.000000 10382766.473823 0.000000 4 0
0.000000 9410427.175933 0.000000 5 3
0.000000 9922053.431041 0.000000 4 19
0.000000 9344749.062921 0.000000 5 2
0.000000 11494389.273009 0.000000 4 13
0.000000 9165775.129354 0.000000 5 1
0.000000 11630958.224141 0.000000 4 4
0.000000 10853266.725223 0.000000 4 14
0.000000 11639079.106942 0.000000 4 5
0.000000 10860483.541843 0.000000 4 15
0.000000 10996814.023880 0.000000 4 16
0.000000 9764474.586668 0.000000 5 4
0.000000 11216672.569224 0.000000 4 17
0.000000 11550981.316131 0.000000 4 12
0.000000 11131001.980675 0.000000 4 2
0.000000 10814455.273685 0.000000 4 10
0.000000 11048817.051639 0.000000 4 11
0.000000 11209234.494187 0.000000 4 3
0.000000 8716587.009684 0.000000 5 0
0.000000 10911409.542204 0.000000 4 7
0.000000 10824531.779829 0.000000 4 9
0.000000 11108027.770861 0.000000 4 8
0.000000 10736677.859203 0.000000 4 18
0.000000 9111583.506408 0.000000 5 14
0.000000 7299797.939578 0.000000 6 6
0.000000 7773508.070238 0.000000 6 2
0.000000 10452689.389875 0.000000 4 6
0.000000 7828142.960667 0.000000 6 3
0.000000 8329807.115494 0.000000 5 19
0.000000 7559479.845881 0.000000 6 9
0.000000 9160395.826615 0.000000 5 7
0.000000 7250966.184949 0.000000 6 0
0.000000 9649821.603598 0.000000 5 13
0.000000 9013704.294918 0.000000 5 18
0.000000 7620152.280482 0.000000 6 7
0.000000 8128331.619075 0.000000 6 5
0.000000 8122660.275888 0.000000 6 4
0.000000 8066807.159389 0.000000 6 12
0.000000 9275752.800216 0.000000 5 11
0.000000 8775289.012435 0.000000 5 6
0.000000 9325461.649773 0.000000 5 8
0.000000 7624627.098508 0.000000 6 1
0.000000 8027285.227747 0.000000 6 13
0.000000 9232094.982401 0.000000 5 16
0.000000 9117642.200595 0.000000 5 15
0.000000 9079000.341240 0.000000 5 10
0.000000 6929220.078362 0.000000 6 19
0.000000 7757463.673047 0.000000 6 8
0.000000 7716112.949158 0.000000 6 11
0.000000 9697332.011025 0.000000 5 12
0.000000 9416671.622424 0.000000 5 17
0.000000 9771292.266033 0.000000 5 5
0.000000 7552442.761732 0.000000 6 10
0.000000 7579547.341677 0.000000 6 14
0.000000 9087459.814853 0.000000 5 9
0.000000 10594022.869989 0.000000 7 4
0.000000 9457111.215968 0.000000 7 0
0.000000 7679795.825816 0.000000 6 16
0.000000 9850313.644549 0.000000 7 10
0.000000 9938624.144655 0.000000 7 7
0.000000 10209897.095157 0.000000 7 3
0.000000 9859491.799287 0.000000 7 9
0.000000 10117713.259146 0.000000 7 8
0.000000 7833337.456087 0.000000 6 17
0.000000 9520800.291297 0.000000 7 6
0.000000 7498125.696658 0.000000 6 18
0.000000 10138639.248589 0.000000 7 2
0.000000 7584587.317146 0.000000 6 15
0.000000 10601419.750881 0.000000 7 5
0.000000 9892238.352261 0.000000 7 15
0.000000 10063781.356404 0.000000 7 11
0.000000 10521176.146628 0.000000 7 12
0.000000 9944460.450280 0.000000 7 1
0.000000 10469629.456670 0.000000 7 13
0.000000 9885664.936992 0.000000 7 14
0.000000 10016414.556392 0.000000 7 16
0.000000 10216672.043224 0.000000 7 17
0.000000 9037472.144634 0.000000 7 19
0.000000 9176877.885981 0.000000 8 4
0.000000 9779470.323490 0.000000 7 18
0.000000 8192049.030268 0.000000 8 0
0.000000 8844135.983150 0.000000 8 3
0.000000 8782410.181406 0.000000 8 2
0.000000 8540603.825879 0.000000 8 9
0.000000 8247218.523228 0.000000 8 6
0.000000 8764283.426468 0.000000 8 8
0.000000 8614206.360364 0.000000 8 1
0.000000 9183285.297599 0.000000 8 5
0.000000 8609150.768004 0.000000 8 7
0.000000 8532653.418062 0.000000 8 10
0.000000 8495659.138289 0.000000 9 7
0.000000 8993631.811865 0.000000 9 12
0.000000 8666634.529329 0.000000 9 2
0.000000 8471286.691347 0.000000 8 18
0.000000 8727546.619929 0.000000 9 3
0.000000 9055902.094664 0.000000 9 4
0.000000 8456007.987714 0.000000 9 15
0.000000 8648746.733434 0.000000 9 8
0.000000 9069124.374339 0.000000 8 13
0.000000 8949569.062433 0.000000 9 13
0.000000 8428015.828149 0.000000 9 9
0.000000 8420170.227996 0.000000 9 10
0.000000 8568969.926499 0.000000 8 15
0.000000 7828544.386415 0.000000 8 19
0.000000 8733337.929657 0.000000 9 17
0.000000 8676535.284157 0.000000 8 16
0.000000 8717565.906250 0.000000 8 11
0.000000 9650232.007826 0.000000 10 5
0.000000 9293837.812713 0.000000 10 3
0.000000 8850004.657691 0.000000 8 17
0.000000 8450388.951117 0.000000 9 14
0.000000 8500648.084396 0.000000 9 1
0.000000 8602645.075139 0.000000 9 11
0.000000 8138498.128383 0.000000 9 6
0.000000 8562155.346283 0.000000 9 16
0.000000 8563275.826410 0.000000 8 14
0.000000 8084055.916870 0.000000 9 0
0.000000 9577188.074583 0.000000 10 12
0.000000 9113775.748307 0.000000 8 12
0.000000 9062225.039392 0.000000 9 5
0.000000 8359612.478846 0.000000 9 18
0.000000 7725343.236311 0.000000 9 19
0.000000 9004680.261811 0.000000 10 15
0.000000 8608593.896268 0.000000 10 0
0.000000 9643498.795350 0.000000 10 4
0.000000 9530266.291692 0.000000 10 13
0.000000 9046904.196901 0.000000 10 7
0.000000 8974871.817123 0.000000 10 9
0.000000 9052216.853385 0.000000 10 1
0.000000 8966517.151174 0.000000 10 10
0.000000 9300004.894391 0.000000 10 17
0.000000 9228973.410844 0.000000 10 2
0.000000 10082590.072851 0.000000 11 5
0.000000 8226605.965390 0.000000 10 19
0.000000 9160831.969106 0.000000 10 11
0.000000 9209924.956740 0.000000 10 8
0.000000 9117715.044527 0.000000 10 16
0.000000 8902030.082419 0.000000 10 18
0.000000 8998696.631114 0.000000 10 14
0.000000 9710228.395642 0.000000 11 3
0.000000 8994283.587041 0.000000 11 0
0.000000 9642457.882547 0.000000 11 2
0.000000 9622556.003288 0.000000 11 8
0.000000 10075555.192913 0.000000 11 4
0.000000 9368242.829981 0.000000 11 10
0.000000 8666568.617601 0.000000 10 6
0.000000 9054855.742008 0.000000 11 6
0.000000 9571263.508787 0.000000 11 11
0.000000 10006273.561876 0.000000 11 12
0.000000 9376971.809016 0.000000 11 9
0.000000 9457782.124701 0.000000 11 1
0.000000 9401864.042877 0.000000 11 14
0.000000 9452231.445880 0.000000 11 7
0.000000 9408115.757470 0.000000 11 15
0.000000 8595181.501430 0.000000 11 19
0.000000 9957249.548500 0.000000 11 13
0.000000 9343804.682664 0.000000 12 3
0.000000 9702114.975629 0.000000 12 5
0.000000 9300866.555633 0.000000 11 18
0.000000 9278591.547449 0.000000 12 2
0.000000 9526214.822647 0.000000 11 16
0.000000 9695345.563057 0.000000 12 4
0.000000 9100884.685943 0.000000 12 1
0.000000 8713163.072530 0.000000 12 6
0.000000 9210083.753867 0.000000 12 11
0.000000 9581504.282509 0.000000 12 13
0.000000 9023123.816150 0.000000 12 9
0.000000 9095543.466778 0.000000 12 7
0.000000 8654876.659160 0.000000 12 0
0.000000 8949890.459204 0.000000 12 18
0.000000 9716671.780224 0.000000 11 17
0.000000 9259440.682326 0.000000 12 8
0.000000 9014724.232631 0.000000 12 10
0.000000 9166735.017901 0.000000 12 16
0.000000 9628678.333058 0.000000 12 12
0.000000 9053092.521290 0.000000 12 15
0.000000 9350004.920691 0.000000 12 17
0.000000 9047076.720526 0.000000 12 14
0.000000 8324875.948117 0.000000 13 6
0.000000 8846809.635777 0.000000 13 8
0.000000 9263289.165494 0.000000 13 4
0.000000 8621023.824258 0.000000 13 9
0.000000 8270835.029720 0.000000 12 19
0.000000 8927414.099735 0.000000 13 3
0.000000 8799652.214186 0.000000 13 11
0.000000 8612998.553824 0.000000 13 10
0.000000 8690216.217799 0.000000 13 7
0.000000 8269186.968409 0.000000 13 0
0.000000 8865107.075746 0.000000 13 2
0.000000 9269756.910604 0.000000 13 5
0.000000 9199592.845765 0.000000 13 12
0.000000 8695319.414627 0.000000 13 1
0.000000 8649657.025631 0.000000 13 15
0.000000 7902259.493633 0.000000 13 19
0.000000 8643909.308763 0.000000 13 14
0.000000 8758235.239781 0.000000 13 16
0.000000 8551053.985990 0.000000 13 18
0.000000 9154521.025701 0.000000 13 13
0.000000 8747442.184946 0.000000 14 0
0.000000 8933338.034857 0.000000 13 17
0.000000 9308587.323391 0.000000 14 11
0.000000 9111138.395544 0.000000 14 10
0.000000 8806351.982388 0.000000 14 6
0.000000 9683980.264143 0.000000 14 13
0.000000 9198220.351059 0.000000 14 1
0.000000 9799039.098473 0.000000 14 4
0.000000 9358472.133497 0.000000 14 8
0.000000 9119627.814204 0.000000 14 9
0.000000 9377827.820657 0.000000 14 2
0.000000 9192822.006533 0.000000 14 7
0.000000 9805880.911235 0.000000 14 5
0.000000 0.000000 108672461.224536 19 19
0.000000 9443738.422567 0.000000 14 3
0.000000 9731658.850009 0.000000 14 12
0.000000 9149917.040248 0.000000 14 15
0.000000 9045611.212776 0.000000 14 18
0.000000 8359293.158381 0.000000 14 19
0.000000 9264774.964650 0.000000 14 16
0.000000 9225702.076748 0.000000 15 6
0.000000 9893440.252131 0.000000 15 3
0.000000 9096658.379900 0.000000 16 2
0.000000 9143836.899349 0.000000 14 14
0.000000 9636230.844080 0.000000 15 1
0.000000 10272827.621462 0.000000 15 5
0.000000 9163987.050981 0.000000 15 0
0.000000 8485173.195220 0.000000 16 0
0.000000 9804113.663769 0.000000 15 8
0.000000 9450004.973291 0.000000 14 17
0.000000 10265660.007841 0.000000 15 4
0.000000 9824391.050096 0.000000 15 2
0.000000 9160592.826176 0.000000 16 3
0.000000 9630575.435431 0.000000 15 7
0.000000 8922435.966564 0.000000 16 1
0.000000 9505240.748130 0.000000 16 4
0.000000 9553895.805448 0.000000 15 9
0.000000 9077883.021844 0.000000 16 8
0.000000 9545002.128656 0.000000 15 10
0.000000 9476354.603847 0.000000 15 18
0.000000 8757354.737272 0.000000 15 19
0.000000 9579257.704052 0.000000 15 14
0.000000 9751853.386247 0.000000 15 11
0.000000 0.000000 118999426.495297 0 0
0.000000 8837964.933956 0.000000 16 10
0.000000 10195071.176285 0.000000 15 12
0.000000 9585627.375560 0.000000 15 15
0.000000 9900005.209991 0.000000 15 17
0.000000 9705954.725020 0.000000 15 16
0.000000 9393631.649513 0.000000 16 13
0.000000 9511877.427018 0.000000 16 5
0.000000 8869683.059350 0.000000 16 14
0.000000 8917199.477228 0.000000 16 7
0.000000 9029493.876408 0.000000 16 11
0.000000 8875580.903200 0.000000 16 15
0.000000 9439880.718649 0.000000 16 12
0.000000 9679214.705308 0.000000 17 7
0.000000 10145122.181495 0.000000 15 13
0.000000 10324710.589265 0.000000 17 5
0.000000 9593209.210112 0.000000 17 10
0.000000 9602147.804475 0.000000 17 9
0.000000 0.000000 127250274.195371 18 18
0.000000 9853629.389355 0.000000 17 8
0.000000 9210269.813873 0.000000 17 0
0.000000 0.000000 136768913.006793 2 2
0.000000 8542316.737791 0.000000 16 6
0.000000 0.000000 130028917.927306 14 14
0.000000 9684898.676638 0.000000 17 1
0.000000 8846199.819717 0.000000 16 9
0.000000 0.000000 120607638.849781 6 6
0.000000 8774402.410990 0.000000 16 18
0.000000 9272296.531677 0.000000 17 6
0.000000 9166671.490924 0.000000 16 17
0.000000 0.000000 129100587.997016 10 10
0.000000 9874009.186700 0.000000 17 2
0.000000 8108661.793842 0.000000 16 19
0.000000 0.000000 133491184.600002 16 16
0.000000 9801105.171008 0.000000 17 11
0.000000 8986995.115528 0.000000 16 16
0.000000 10317506.775549 0.000000 17 4
0.000000 0.000000 147284401.478582 12 12
0.000000 9943407.122082 0.000000 17 3
0.000000 10246561.434760 0.000000 17 12
0.000000 9436111.724519 0.000000 18 4
0.000000 0.000000 138882281.969250 17 17
0.000000 9030500.864427 0.000000 18 2
0.000000 8480190.797885 0.000000 18 6
0.000000 0.000000 130201855.239582 15 15
0.000000 8423462.844697 0.000000 18 0
0.000000 0.000000 129341292.287683 9 9
0.000000 8801583.801592 0.000000 17 19
0.000000 8852347.117391 0.000000 18 7
0.000000 0.000000 134756753.122179 11 11
0.000000 9754974.698395 0.000000 17 16
0.000000 9093970.332907 0.000000 18 3
0.000000 9442700.136614 0.000000 18 5
0.000000 0.000000 136204982.068790 8 8
0.000000 0.000000 131425793.118481 7 7
0.000000 9011862.054397 0.000000 18 8
0.000000 9627637.793464 0.000000 17 14
0.000000 0.000000 149539639.526240 5 5
0.000000 0.000000 149331003.307766 4 4
0.000000 8805176.273468 0.000000 18 14
0.000000 10196360.172312 0.000000 17 13
0.000000 8811031.223894 0.000000 18 15
0.000000 9524214.980633 0.000000 17 18
0.000000 8857545.523154 0.000000 18 1
0.000000 9950005.236291 0.000000 17 17
0.000000 0.000000 138698239.691456 3 3
0.000000 0.000000 131580251.109928 1 1
0.000000 8773688.825346 0.000000 18 10
0.000000 0.000000 145844715.212431 13 13
0.000000 8710588.575276 0.000000 18 18
0.000000 9371227.040682 0.000000 18 12
0.000000 8781863.821015 0.000000 18 9
0.000000 8963824.830059 0.000000 18 11
0.000000 9634039.635039 0.000000 17 15
0.000000 8921635.151029 0.000000 18 16
0.000000 9100004.789191 0.000000 18 17
0.000000 9235168.265402 0.000000 19 5
0.000000 9325314.328424 0.000000 18 13
0.000000 8238331.793152 0.000000 19 0
0.000000 9228724.653689 0.000000 19 4
0.000000 8894102.853101 0.000000 19 3
0.000000 8657790.037881 0.000000 19 7
0.000000 8662874.192922 0.000000 19 1
0.000000 8049689.708068 0.000000 18 19
0.000000 8580860.499519 0.000000 19 10
0.000000 8832028.318010 0.000000 19 2
0.000000 8766817.691012 0.000000 19 11
0.000000 8293812.978162 0.000000 19 6
0.000000 8813799.152054 0.000000 19 8
0.000000 8588855.824906 0.000000 19 9
0.000000 8725555.257531 0.000000 19 16
0.000000 9165266.006782 0.000000 19 12
0.000000 9120362.365156 0.000000 19 13
0.000000 8611655.915822 0.000000 19 14
0.000000 7872773.450746 0.000000 19 19
0.000000 8519147.068133 0.000000 19 18
0.000000 8900004.683991 0.000000 19 17
0.000000 8617382.185978 0.000000 19 15
0.000000 0.000000 255162716.166927 0 2
0.000000 0.000000 246123386.371836 0 18
0.000000 0.000000 250275750.161569 0 1
0.000000 0.000000 252086644.722014 0 16
0.000000 0.000000 256956087.826201 0 3
0.000000 0.000000 250128866.002207 0 7
0.000000 0.000000 254636064.726661 0 8
0.000000 0.000000 247906324.176950 0 10
0.000000 0.000000 270197695.782384 1 3
0.000000 0.000000 257126596.252750 0 17
0.000000 0.000000 227449255.568965 0 19
0.000000 0.000000 263492864.566632 0 13
0.000000 0.000000 248137314.787877 0 9
0.000000 0.000000 253278741.042280 0 11
0.000000 0.000000 239170299.280610 1 19
0.000000 0.000000 266623517.462477 0 4
0.000000 0.000000 258806756.417025 1 18
0.000000 0.000000 260681573.700257 1 10
0.000000 0.000000 245554212.055343 3 19
0.000000 0.000000 265771728.206955 2 10
0.000000 0.000000 239613345.686349 0 6
0.000000 0.000000 248796023.394412 0 14
0.000000 0.000000 284466891.723635 3 13
0.000000 0.000000 266902900.731830 2 15
0.000000 0.000000 271531309.168476 2 11
0.000000 0.000000 295375447.334762 5 13
0.000000 0.000000 272986447.807561 2 8
0.000000 0.000000 263860301.011305 2 18
0.000000 0.000000 274905090.797843 3 8
0.000000 0.000000 248961459.224919 0 15
0.000000 0.000000 266809677.227813 0 5
0.000000 0.000000 278900290.970915 5 14
0.000000 0.000000 260924468.237906 1 9
0.000000 0.000000 264790157.647924 0 12
0.000000 0.000000 283925418.095168 5 11
0.000000 0.000000 278705695.410712 4 14
0.000000 0.000000 285867449.766837 3 12
0.000000 0.000000 278435474.586710 1 12
0.000000 0.000000 275656458.842670 2 17
0.000000 0.000000 266019364.501297 2 9
0.000000 0.000000 268154437.537036 2 7
0.000000 0.000000 270253303.212373 2 16
0.000000 0.000000 270376988.943960 1 17
0.000000 0.000000 283872297.458637 2 12
0.000000 0.000000 272152736.430219 3 16
0.000000 0.000000 286037353.391590 2 5
0.000000 0.000000 258686563.661836 3 6
0.000000 0.000000 256881114.779810 2 6
0.000000 0.000000 275473664.095817 2 3
0.000000 0.000000 267639663.444501 3 10
0.000000 0.000000 243840417.484970 2 19
0.000000 0.000000 280363312.257669 1 4
0.000000 0.000000 266330845.631921 1 11
0.000000 0.000000 280559064.907847 1 5
0.000000 0.000000 268311907.732635 1 2
0.000000 0.000000 263018648.868947 1 7
0.000000 0.000000 254792669.307523 4 19
0.000000 0.000000 282481514.234878 2 13
0.000000 0.000000 261617120.710841 1 14
0.000000 0.000000 267758115.825977 1 8
0.000000 0.000000 296622607.784293 4 12
0.000000 0.000000 287846744.375697 3 4
0.000000 0.000000 273439724.542988 3 11
0.000000 0.000000 261791081.446872 1 15
0.000000 0.000000 282589077.678168 5 16
0.000000 0.000000 268778786.443063 3 15
0.000000 0.000000 277593868.720144 3 17
0.000000 0.000000 265077317.731398 1 16
0.000000 0.000000 265714803.364561 3 18
0.000000 0.000000 251961236.739588 1 6
0.000000 0.000000 288037750.392599 4 17
0.000000 0.000000 277071328.655058 1 13
0.000000 0.000000 285247813.577301 4 8
0.000000 0.000000 295169356.394429 4 13
0.000000 0.000000 277709039.433053 4 10
0.000000 0.000000 278891018.427178 4 15
0.000000 0.000000 266725542.588460 2 14
0.000000 0.000000 283727316.160614 4 11
0.000000 0.000000 275711759.711025 4 18
0.000000 0.000000 282391907.530229 4 16
0.000000 0.000000 280198769.593724 4 7
0.000000 0.000000 277902939.452985 5 10
0.000000 0.000000 296829713.007441 5 12
0.000000 0.000000 279085744.401596 5 15
0.000000 0.000000 270039118.696179 3 7
0.000000 0.000000 268600182.273180 3 14
0.000000 0.000000 285837778.015926 2 4
0.000000 0.000000 280394408.312551 5 7
0.000000 0.000000 268419097.995593 4 6
0.000000 0.000000 285446978.242562 5 8
0.000000 0.000000 267889040.309486 3 9
0.000000 0.000000 277967798.558209 4 9
0.000000 0.000000 268606511.017492 5 6
0.000000 0.000000 288047723.067166 3 5
0.000000 0.000000 278161879.944671 5 9
0.000000 0.000000 298884908.948962 4 5
332384.000000 0.000000 0.000000 0 1
367744.000000 0.000000 0.000000 0 3
340544.000000 0.000000 0.000000 0 2
307360.000000 0.000000 0.000000 0 5
366112.000000 0.000000 0.000000 0 4
333472.000000 0.000000 0.000000 0 7
255680.000000 0.000000 0.000000 0 6
285056.000000 0.000000 0.000000 0 9
288864.000000 0.000000 0.000000 0 8
317152.000000 0.000000 0.000000 0 11
303552.000000 0.000000 0.000000 0 10
291584.000000 0.000000 0.000000 0 13
305184.000000 0.000000 0.000000 0 12
308448.000000 0.000000 0.000000 0 14
323136.000000 0.000000 0.000000 0 15
299200.000000 0.000000 0.000000 0 16
324768.000000 0.000000 0.000000 0 17
297024.000000 0.000000 0.000000 0 18
290496.000000 0.000000 0.000000 0 19
413036.000000 0.000000 0.000000 1 3
382486.000000 0.000000 0.000000 1 2
411203.000000 0.000000 0.000000 1 4
345215.000000 0.000000 0.000000 1 5
287170.000000 0.000000 0.000000 1 6
374543.000000 0.000000 0.000000 1 7
324441.000000 0.000000 0.000000 1 8
320164.000000 0.000000 0.000000 1 9
340938.000000 0.000000 0.000000 1 10
356213.000000 0.000000 0.000000 1 11
327496.000000 0.000000 0.000000 1 13
342771.000000 0.000000 0.000000 1 12
362934.000000 0.000000 0.000000 1 15
346437.000000 0.000000 0.000000 1 14
364767.000000 0.000000 0.000000 1 17
336050.000000 0.000000 0.000000 1 16
0.000000 0.000000 254970568.993443 5 19
326274.000000 0.000000 0.000000 1 19
0.000000 0.000000 288238861.506417 5 17
333606.000000 0.000000 0.000000 1 18
423176.000000 0.000000 0.000000 2 3
421298.000000 0.000000 0.000000 2 4
294220.000000 0.000000 0.000000 2 6
353690.000000 0.000000 0.000000 2 5
383738.000000 0.000000 0.000000 2 7
332406.000000 0.000000 0.000000 2 8
349308.000000 0.000000 0.000000 2 10
328024.000000 0.000000 0.000000 2 9
364958.000000 0.000000 0.000000 2 11
0.000000 0.000000 249575853.760128 6 10
351186.000000 0.000000 0.000000 2 12
354942.000000 0.000000 0.000000 2 14
335536.000000 0.000000 0.000000 2 13
0.000000 0.000000 250638094.090977 6 15
371844.000000 0.000000 0.000000 2 15
0.000000 0.000000 275904265.684420 5 18
0.000000 0.000000 251813363.137090 6 7
344300.000000 0.000000 0.000000 2 16
334284.000000 0.000000 0.000000 2 19
373722.000000 0.000000 0.000000 2 17
341796.000000 0.000000 0.000000 2 18
454948.000000 0.000000 0.000000 3 4
0.000000 0.000000 266573391.922719 6 12
381940.000000 0.000000 0.000000 3 5
0.000000 0.000000 250471543.511495 6 14
0.000000 0.000000 253784326.788012 6 16
377208.000000 0.000000 0.000000 3 10
317720.000000 0.000000 0.000000 3 6
414388.000000 0.000000 0.000000 3 7
358956.000000 0.000000 0.000000 3 8
394108.000000 0.000000 0.000000 3 11
379236.000000 0.000000 0.000000 3 12
354224.000000 0.000000 0.000000 3 9
0.000000 0.000000 265267361.306329 6 13
362336.000000 0.000000 0.000000 3 13
401544.000000 0.000000 0.000000 3 15
371800.000000 0.000000 0.000000 3 16
383292.000000 0.000000 0.000000 3 14
0.000000 0.000000 239029932.817033 7 19
0.000000 0.000000 254984451.678892 6 11
0.000000 0.000000 258858219.410291 6 17
0.000000 0.000000 256350916.538021 6 8
0.000000 0.000000 228981016.196715 6 19
360984.000000 0.000000 0.000000 3 19
369096.000000 0.000000 0.000000 3 18
316310.000000 0.000000 0.000000 4 6
403572.000000 0.000000 0.000000 3 17
380245.000000 0.000000 0.000000 4 5
412549.000000 0.000000 0.000000 4 7
352652.000000 0.000000 0.000000 4 9
377553.000000 0.000000 0.000000 4 12
392359.000000 0.000000 0.000000 4 11
381591.000000 0.000000 0.000000 4 14
375534.000000 0.000000 0.000000 4 10
357363.000000 0.000000 0.000000 4 8
360728.000000 0.000000 0.000000 4 13
0.000000 0.000000 260528582.730160 7 10
0.000000 0.000000 247780907.965600 6 18
300015.000000 0.000000 0.000000 5 8
296060.000000 0.000000 0.000000 5 9
370150.000000 0.000000 0.000000 4 16
399762.000000 0.000000 0.000000 4 15
265550.000000 0.000000 0.000000 5 6
367458.000000 0.000000 0.000000 4 18
346345.000000 0.000000 0.000000 5 7
401781.000000 0.000000 0.000000 4 17
359382.000000 0.000000 0.000000 4 19
0.000000 0.000000 249808399.622296 6 9
0.000000 0.000000 276908718.567331 7 13
315270.000000 0.000000 0.000000 5 10
301710.000000 0.000000 0.000000 5 19
310750.000000 0.000000 0.000000 5 16
0.000000 0.000000 243337134.737285 8 19
302840.000000 0.000000 0.000000 5 13
308490.000000 0.000000 0.000000 5 18
337305.000000 0.000000 0.000000 5 17
335610.000000 0.000000 0.000000 5 15
0.000000 0.000000 266175025.437297 8 14
320355.000000 0.000000 0.000000 5 14
329395.000000 0.000000 0.000000 5 11
316965.000000 0.000000 0.000000 5 12
263670.000000 0.000000 0.000000 6 12
288110.000000 0.000000 0.000000 6 7
279180.000000 0.000000 0.000000 6 15
249570.000000 0.000000 0.000000 6 8
251920.000000 0.000000 0.000000 6 13
0.000000 0.000000 264921745.880731 7 16
266490.000000 0.000000 0.000000 6 14
274010.000000 0.000000 0.000000 6 11
262260.000000 0.000000 0.000000 6 10
246280.000000 0.000000 0.000000 6 9
258500.000000 0.000000 0.000000 6 16
0.000000 0.000000 267600971.054628 7 8
0.000000 0.000000 265223179.785991 8 10
0.000000 0.000000 266174538.738565 7 11
0.000000 0.000000 260771333.247119 7 9
0.000000 0.000000 261463580.964089 7 14
0.000000 0.000000 266352017.848725 8 15
342054.000000 0.000000 0.000000 7 10
0.000000 0.000000 264055229.269402 9 11
337150.000000 0.000000 0.000000 7 16
347571.000000 0.000000 0.000000 7 14
0.000000 0.000000 258454227.150467 9 10
256620.000000 0.000000 0.000000 6 18
321212.000000 0.000000 0.000000 7 9
343893.000000 0.000000 0.000000 7 12
0.000000 0.000000 261637439.685203 7 15
250980.000000 0.000000 0.000000 6 19
0.000000 0.000000 278272064.198579 7 12
280590.000000 0.000000 0.000000 6 17
0.000000 0.000000 258654864.634274 7 18
364122.000000 0.000000 0.000000 7 15
365961.000000 0.000000 0.000000 7 17
328568.000000 0.000000 0.000000 7 13
357379.000000 0.000000 0.000000 7 11
0.000000 0.000000 270970873.822833 8 11
325503.000000 0.000000 0.000000 7 8
278244.000000 0.000000 0.000000 8 9
301077.000000 0.000000 0.000000 8 14
327342.000000 0.000000 0.000000 7 19
334698.000000 0.000000 0.000000 7 18
296298.000000 0.000000 0.000000 8 10
309573.000000 0.000000 0.000000 8 11
297891.000000 0.000000 0.000000 8 12
317007.000000 0.000000 0.000000 8 17
292050.000000 0.000000 0.000000 8 16
289926.000000 0.000000 0.000000 8 18
284616.000000 0.000000 0.000000 8 13
315414.000000 0.000000 0.000000 8 15
0.000000 0.000000 275087508.973209 8 17
0.000000 0.000000 269695506.046512 8 16
280864.000000 0.000000 0.000000 9 13
283554.000000 0.000000 0.000000 8 19
0.000000 0.000000 237126752.382510 9 19
293964.000000 0.000000 0.000000 9 12
0.000000 0.000000 276056433.009771 9 12
292392.000000 0.000000 0.000000 9 10
305492.000000 0.000000 0.000000 9 11
0.000000 0.000000 263315698.183642 8 18
0.000000 0.000000 283286389.498027 8 12
0.000000 0.000000 259381780.321449 9 14
0.000000 0.000000 281898477.011809 8 13
279816.000000 0.000000 0.000000 9 19
327063.000000 0.000000 0.000000 11 12
299088.000000 0.000000 0.000000 10 13
297972.000000 0.000000 0.000000 10 19
0.000000 0.000000 274703942.274776 9 13
311256.000000 0.000000 0.000000 9 15
312488.000000 0.000000 0.000000 11 13
333126.000000 0.000000 0.000000 10 17
0.000000 0.000000 265470304.000663 8 9
0.000000 0.000000 236906011.783766 10 19
330561.000000 0.000000 0.000000 11 14
286104.000000 0.000000 0.000000 9 18
297108.000000 0.000000 0.000000 9 14
0.000000 0.000000 270218307.952906 7 17
331452.000000 0.000000 0.000000 10 15
312828.000000 0.000000 0.000000 9 17
306900.000000 0.000000 0.000000 10 16
0.000000 0.000000 251800931.584292 13 19
325314.000000 0.000000 0.000000 10 11
316386.000000 0.000000 0.000000 10 14
288200.000000 0.000000 0.000000 9 16
0.000000 0.000000 242040040.341615 11 19
346302.000000 0.000000 0.000000 11 15
0.000000 0.000000 268066802.171072 9 17
304668.000000 0.000000 0.000000 10 18
313038.000000 0.000000 0.000000 10 12
320650.000000 0.000000 0.000000 11 16
0.000000 0.000000 240900839.729354 16 19
318318.000000 0.000000 0.000000 11 18
0.000000 0.000000 262812411.832691 9 16
0.000000 0.000000 235202186.850684 18 19
0.000000 0.000000 259554255.027227 9 15
348051.000000 0.000000 0.000000 11 17
0.000000 0.000000 256595428.167849 9 18
334917.000000 0.000000 0.000000 12 17
311322.000000 0.000000 0.000000 11 19
294800.000000 0.000000 0.000000 13 16
300696.000000 0.000000 0.000000 12 13
302778.000000 0.000000 0.000000 14 19
299574.000000 0.000000 0.000000 12 19
286224.000000 0.000000 0.000000 13 19
303912.000000 0.000000 0.000000 13 14
311850.000000 0.000000 0.000000 14 16
318384.000000 0.000000 0.000000 13 15
318087.000000 0.000000 0.000000 12 14
333234.000000 0.000000 0.000000 12 15
292656.000000 0.000000 0.000000 13 18
336798.000000 0.000000 0.000000 14 15
308550.000000 0.000000 0.000000 12 16
354618.000000 0.000000 0.000000 15 17
306306.000000 0.000000 0.000000 12 18
338499.000000 0.000000 0.000000 14 17
309582.000000 0.000000 0.000000 14 18
326700.000000 0.000000 0.000000 15 16
319992.000000 0.000000 0.000000 13 17
324324.000000 0.000000 0.000000 15 18
0.000000 0.000000 253040661.994538 12 19
291564.000000 0.000000 0.000000 18 19
300300.000000 0.000000 0.000000 16 18
325962.000000 0.000000 0.000000 17 18
328350.000000 0.000000 0.000000 16 17
318798.000000 0.000000 0.000000 17 19
317196.000000 0.000000 0.000000 15 19
293700.000000 0.000000 0.000000 16 19
0.000000 0.000000 263809422.105562 10 11
0.000000 0.000000 259312638.094135 10 15
0.000000 0.000000 237756231.536090 14 19
0.000000 0.000000 256356564.623882 10 18
0.000000 0.000000 259140323.236226 10 14
0.000000 0.000000 261912108.294029 11 18
0.000000 0.000000 275799454.029043 10 12
0.000000 0.000000 274448222.239052 10 13
0.000000 0.000000 245717153.930685 17 19
0.000000 0.000000 267817259.614501 10 17
0.000000 0.000000 272474393.936012 13 18
0.000000 0.000000 264756194.764426 11 14
0.000000 0.000000 237914326.371030 15 19
0.000000 0.000000 276973305.796599 12 15
0.000000 0.000000 262567760.917490 10 16
0.000000 0.000000 273815907.564883 12 18
0.000000 0.000000 284655654.630473 13 17
0.000000 0.000000 280395833.388199 11 13
0.000000 0.000000 264932242.489681 11 15
0.000000 0.000000 265891122.397958 17 18
0.000000 0.000000 273621171.107585 11 17
0.000000 0.000000 268778416.121327 14 17
0.000000 0.000000 281776347.686026 11 12
0.000000 0.000000 257447664.150305 15 18
0.000000 0.000000 293139710.191639 12 13
0.000000 0.000000 280450121.955067 12 16
0.000000 0.000000 268257908.541934 11 16
0.000000 0.000000 268957139.205355 15 17
0.000000 0.000000 286057142.331433 12 17
0.000000 0.000000 257276589.979631 14 18
0.000000 0.000000 275616322.998655 13 15
0.000000 0.000000 260679377.997653 16 18
0.000000 0.000000 272333329.260058 16 17
0.000000 0.000000 260243271.369907 14 15
0.000000 0.000000 279076104.669712 13 16
0.000000 0.000000 276789256.458724 12 14
0.000000 0.000000 263510076.942792 14 16
0.000000 0.000000 263685296.239669 15 16
0.000000 0.000000 275433174.876574 13 14
