243253.000000 0.000000 0.000000 0 0
456490.000000 0.000000 0.000000 2 2
378015.000000 0.000000 0.000000 1 1
352380.000000 0.000000 0.000000 3 3
201295.000000 0.000000 0.000000 16 16
315615.000000 0.000000 0.000000 8 8
197506.000000 0.000000 0.000000 6 6
523776.000000 0.000000 0.000000 4 4
406351.000000 0.000000 0.000000 5 5
102831.000000 0.000000 0.000000 9 9
349030.000000 0.000000 0.000000 19 19
351541.000000 0.000000 0.000000 13 13
253828.000000 0.000000 0.000000 12 12
148785.000000 0.000000 0.000000 17 17
242556.000000 0.000000 0.000000 15 15
292230.000000 0.000000 0.000000 7 7
246051.000000 0.000000 0.000000 14 14
148785.000000 0.000000 0.000000 10 10
270480.000000 0.000000 0.000000 11 11
456490.000000 0.000000 0.000000 18 18
0.000000 12376174.017016 0.000000 0 14
0.000000 13467717.285228 0.000000 0 11
0.000000 14944177.142475 0.000000 0 8
0.000000 11153464.800685 0.000000 0 6
0.000000 16068574.904110 0.000000 0 4
0.000000 16786409.797217 0.000000 1 11
0.000000 11852955.419280 0.000000 1 10
0.000000 15212040.706638 0.000000 1 0
0.000000 18626696.437463 0.000000 1 8
0.000000 16354870.171400 0.000000 0 5
0.000000 21549018.655205 0.000000 1 19
0.000000 20757668.036011 0.000000 1 1
0.000000 11833795.257292 0.000000 0 15
0.000000 15891084.610946 0.000000 0 7
0.000000 25263940.069747 0.000000 2 2
0.000000 18445847.458380 0.000000 0 2
0.000000 18845602.245276 0.000000 1 3
0.000000 14749859.418735 0.000000 1 15
0.000000 15119805.020653 0.000000 0 3
0.000000 18254587.886000 0.000000 0 18
0.000000 22007962.185044 0.000000 2 4
0.000000 8096867.024808 0.000000 0 9
0.000000 15276092.191853 0.000000 2 6
0.000000 17288752.896609 0.000000 0 19
0.000000 11873149.756219 0.000000 1 17
0.000000 13033319.762640 0.000000 0 12
0.000000 21764866.603886 0.000000 2 7
0.000000 10092083.540265 0.000000 1 9
0.000000 13669353.001808 0.000000 0 13
0.000000 20385010.099022 0.000000 1 5
0.000000 12204602.772354 0.000000 0 0
0.000000 16950748.368641 0.000000 2 14
0.000000 18721921.876289 0.000000 2 13
0.000000 9509612.508749 0.000000 0 10
0.000000 16653853.203226 0.000000 0 1
0.000000 15425890.251478 0.000000 1 14
0.000000 18445756.052845 0.000000 2 11
0.000000 17037732.250665 0.000000 1 13
0.000000 20028166.424967 0.000000 1 4
0.000000 16715759.673780 0.000000 2 0
0.000000 20467956.084776 0.000000 2 8
0.000000 16303304.072463 0.000000 2 16
0.000000 11903458.411482 0.000000 0 16
0.000000 20708500.857013 0.000000 2 3
0.000000 13024626.874546 0.000000 2 10
0.000000 14836688.852136 0.000000 1 16
0.000000 22991242.532624 0.000000 1 2
0.000000 14241243.576623 0.000000 3 15
0.000000 22809575.452459 0.000000 2 1
0.000000 9525814.401377 0.000000 0 17
0.000000 22752853.094385 0.000000 1 18
0.000000 16207891.499457 0.000000 2 15
0.000000 14893963.001281 0.000000 3 14
0.000000 13901883.061464 0.000000 1 6
0.000000 15684797.421678 0.000000 3 12
0.000000 19806939.272814 0.000000 1 7
0.000000 17850793.256470 0.000000 2 12
0.000000 16244968.758095 0.000000 1 12
0.000000 17984396.560494 0.000000 3 8
0.000000 11444232.818606 0.000000 3 10
0.000000 11089691.797923 0.000000 2 9
0.000000 9744080.659687 0.000000 3 9
0.000000 23679151.534503 0.000000 2 19
0.000000 16450224.241973 0.000000 3 13
0.000000 22400080.062850 0.000000 2 5
0.000000 18195753.892344 0.000000 3 3
0.000000 19337539.997034 0.000000 3 4
0.000000 14687487.578565 0.000000 3 0
0.000000 20041886.379110 0.000000 3 1
0.000000 19123941.366626 0.000000 3 7
0.000000 16207568.080016 0.000000 3 11
0.000000 19682078.716292 0.000000 3 5
0.000000 25001985.698577 0.000000 2 18
0.000000 13422507.783421 0.000000 3 6
0.000000 13046817.433641 0.000000 2 17
0.000000 22198441.066186 0.000000 3 2
0.000000 11463730.798979 0.000000 3 17
0.000000 14325078.891557 0.000000 3 16
0.000000 16362676.155417 0.000000 4 6
0.000000 22181490.456991 0.000000 4 3
0.000000 20805949.046148 0.000000 3 19
0.000000 17904746.761853 0.000000 4 0
0.000000 21968271.953388 0.000000 3 18
0.000000 23993391.197038 0.000000 4 5
0.000000 27060956.727006 0.000000 4 2
0.000000 24432013.874767 0.000000 4 1
0.000000 23573382.088361 0.000000 4 4
0.000000 19120514.953117 0.000000 4 12
0.000000 13974833.736718 0.000000 4 17
0.000000 23312995.191246 0.000000 4 7
0.000000 26780369.618171 0.000000 4 18
0.000000 19757797.278226 0.000000 4 11
0.000000 17462953.315934 0.000000 4 16
0.000000 11152741.341563 0.000000 6 14
0.000000 20535470.372748 0.000000 5 7
0.000000 15007555.393880 0.000000 6 1
0.000000 10663978.820434 0.000000 6 15
0.000000 21923835.805907 0.000000 4 8
0.000000 22341626.238200 0.000000 5 19
0.000000 11744925.688882 0.000000 6 12
0.000000 19311816.306231 0.000000 5 8
0.000000 18156450.135229 0.000000 4 14
0.000000 16842484.850308 0.000000 5 12
0.000000 12136381.335648 0.000000 6 11
0.000000 12309863.310609 0.000000 5 17
0.000000 20053606.696549 0.000000 4 13
0.000000 23836897.430158 0.000000 5 2
0.000000 10726755.502150 0.000000 6 16
0.000000 11878498.327234 0.000000 4 9
0.000000 10998130.577786 0.000000 6 0
0.000000 13951064.769408 0.000000 4 10
0.000000 15771564.043249 0.000000 5 0
0.000000 14320189.427205 0.000000 6 7
0.000000 13466887.425155 0.000000 6 8
0.000000 12318084.582291 0.000000 6 13
0.000000 10050901.661187 0.000000 6 6
0.000000 17403840.962102 0.000000 5 11
0.000000 14738127.991242 0.000000 6 5
0.000000 12288926.193333 0.000000 5 10
0.000000 7296460.399093 0.000000 6 9
0.000000 19538773.821736 0.000000 5 3
0.000000 21134803.573935 0.000000 5 5
0.000000 25363442.648367 0.000000 4 19
0.000000 21521168.470038 0.000000 5 1
0.000000 13625153.807875 0.000000 6 3
0.000000 17664407.460199 0.000000 5 13
0.000000 17360754.074859 0.000000 4 15
0.000000 14480134.118292 0.000000 6 4
0.000000 15382406.143420 0.000000 5 16
0.000000 23589739.644782 0.000000 5 18
0.000000 20764834.614764 0.000000 5 4
0.000000 15292382.983655 0.000000 5 15
0.000000 8584150.799725 0.000000 6 17
0.000000 8569550.527198 0.000000 6 10
0.000000 15993279.318355 0.000000 5 14
0.000000 14413216.691376 0.000000 5 6
0.000000 16622404.085501 0.000000 6 2
0.000000 15579692.796343 0.000000 6 19
0.000000 17924750.259466 0.000000 7 5
0.000000 10463286.612882 0.000000 5 9
0.000000 20216437.400091 0.000000 7 2
0.000000 18252432.236859 0.000000 7 1
0.000000 8874073.458242 0.000000 7 9
0.000000 16378646.867989 0.000000 7 8
0.000000 10422426.316921 0.000000 7 10
0.000000 16571133.009871 0.000000 7 3
0.000000 14760463.786994 0.000000 7 11
0.000000 16450051.261645 0.000000 6 18
0.000000 12224069.588314 0.000000 7 6
0.000000 13376104.758383 0.000000 7 0
0.000000 17610973.927199 0.000000 7 4
0.000000 14284369.080637 0.000000 7 12
0.000000 17416446.601156 0.000000 7 7
0.000000 14981454.220759 0.000000 7 13
0.000000 13564144.875789 0.000000 7 14
0.000000 12969703.971343 0.000000 7 15
0.000000 18948275.023504 0.000000 7 19
0.000000 13046053.990109 0.000000 7 16
0.000000 21009238.866529 0.000000 8 2
0.000000 18968213.893759 0.000000 8 1
0.000000 10440183.405879 0.000000 7 17
0.000000 9222076.338820 0.000000 8 9
0.000000 13900657.886456 0.000000 8 0
0.000000 8759804.651930 0.000000 9 11
0.000000 20006819.100894 0.000000 7 18
0.000000 12703444.866357 0.000000 8 6
0.000000 10832162.399162 0.000000 9 1
0.000000 15339305.504203 0.000000 8 11
0.000000 9834371.746484 0.000000 9 3
0.000000 17020946.745039 0.000000 8 8
0.000000 7254545.872950 0.000000 9 6
0.000000 7697053.074988 0.000000 9 15
0.000000 18301600.355133 0.000000 8 4
0.000000 10336034.975688 0.000000 9 7
0.000000 11873327.938269 0.000000 9 18
0.000000 10831148.917595 0.000000 8 10
0.000000 6185335.356633 0.000000 9 10
0.000000 15568962.229245 0.000000 8 13
0.000000 7938237.331122 0.000000 9 0
0.000000 14844540.417054 0.000000 8 12
0.000000 8477259.559786 0.000000 9 12
0.000000 18099444.507344 0.000000 8 7
0.000000 6195873.550530 0.000000 9 17
0.000000 17220981.362947 0.000000 8 3
0.000000 18627681.642197 0.000000 8 5
0.000000 7742364.065830 0.000000 9 16
0.000000 11245120.078940 0.000000 9 19
0.000000 9720138.142097 0.000000 9 8
0.000000 11997728.862581 0.000000 9 2
0.000000 10637694.925622 0.000000 9 5
0.000000 8049832.382292 0.000000 9 14
0.000000 19691344.632561 0.000000 8 19
0.000000 8890954.532792 0.000000 9 13
0.000000 10451479.951363 0.000000 9 4
0.000000 7451425.018613 0.000000 10 17
0.000000 13478319.813455 0.000000 8 15
0.000000 10534919.251370 0.000000 10 11
0.000000 5266443.594741 0.000000 9 9
0.000000 8724630.058602 0.000000 10 6
0.000000 9681075.949351 0.000000 10 14
0.000000 14096072.125986 0.000000 8 14
0.000000 14279376.771130 0.000000 10 18
0.000000 9256808.323924 0.000000 10 15
0.000000 13557663.950688 0.000000 8 16
0.000000 12793351.165834 0.000000 10 5
0.000000 13523866.878946 0.000000 10 19
0.000000 10195118.324797 0.000000 10 12
0.000000 10692645.758814 0.000000 10 13
0.000000 12569400.999120 0.000000 10 4
0.000000 14428986.694059 0.000000 10 2
0.000000 11827240.030187 0.000000 10 3
0.000000 9546866.923451 0.000000 10 0
0.000000 10849602.363119 0.000000 8 17
0.000000 7438751.332015 0.000000 10 10
0.000000 12430561.887342 0.000000 10 7
0.000000 6333652.429029 0.000000 10 9
0.000000 13027226.144956 0.000000 10 1
0.000000 11689857.765190 0.000000 10 8
0.000000 16756215.291847 0.000000 11 7
0.000000 9311301.277881 0.000000 10 16
0.000000 20791400.241892 0.000000 8 18
0.000000 12869036.734579 0.000000 11 0
0.000000 15757756.986796 0.000000 11 8
0.000000 16943368.380196 0.000000 11 4
0.000000 15942946.268269 0.000000 11 3
0.000000 19450062.649201 0.000000 11 2
0.000000 11760673.486206 0.000000 11 6
0.000000 17560509.968522 0.000000 11 1
0.000000 17245249.922827 0.000000 11 5
0.000000 8537670.673683 0.000000 11 9
0.000000 10027327.802936 0.000000 11 10
0.000000 14200916.793693 0.000000 11 11
0.000000 13742870.122101 0.000000 11 12
0.000000 14413529.812556 0.000000 11 13
0.000000 10044411.747214 0.000000 11 17
0.000000 12478041.990634 0.000000 11 15
0.000000 16232583.563933 0.000000 12 7
0.000000 13049948.533932 0.000000 11 14
0.000000 12551497.694882 0.000000 11 16
0.000000 19248390.664597 0.000000 11 18
0.000000 12466879.336390 0.000000 12 0
0.000000 18842248.191599 0.000000 12 2
0.000000 15444729.197343 0.000000 12 3
0.000000 18229974.401415 0.000000 11 19
0.000000 13963107.006051 0.000000 12 13
0.000000 17011744.031564 0.000000 12 1
0.000000 16413888.118418 0.000000 12 4
0.000000 11393152.439707 0.000000 12 6
0.000000 16706335.862739 0.000000 12 5
0.000000 18174092.280580 0.000000 13 3
0.000000 8270868.465181 0.000000 12 9
0.000000 15265327.081023 0.000000 12 8
0.000000 12642137.642114 0.000000 12 14
0.000000 14670002.474296 0.000000 13 0
0.000000 22172014.350639 0.000000 13 2
0.000000 15206451.467770 0.000000 14 3
0.000000 17660287.701137 0.000000 12 19
0.000000 12088103.178348 0.000000 12 15
0.000000 9713973.809086 0.000000 12 10
0.000000 12159263.391772 0.000000 12 16
0.000000 13313405.430849 0.000000 12 12
0.000000 16749290.757391 0.000000 14 1
0.000000 18646878.456499 0.000000 12 18
0.000000 13406528.607486 0.000000 13 6
0.000000 18551554.320572 0.000000 14 2
0.000000 19314519.116102 0.000000 13 4
0.000000 20018026.990547 0.000000 13 1
0.000000 13757138.143833 0.000000 12 11
0.000000 19658647.670201 0.000000 13 5
0.000000 9730523.879997 0.000000 12 17
0.000000 12274543.189430 0.000000 14 0
0.000000 20781180.059179 0.000000 13 19
0.000000 18359198.704800 0.000000 14 18
0.000000 21942119.248688 0.000000 13 18
0.000000 16188273.356109 0.000000 13 11
0.000000 17962986.564595 0.000000 13 8
0.000000 14876232.092941 0.000000 13 14
0.000000 9732480.563668 0.000000 13 9
0.000000 11450083.500405 0.000000 13 17
0.000000 16430640.641690 0.000000 13 13
0.000000 15098143.408873 0.000000 15 3
0.000000 15029817.126088 0.000000 14 8
0.000000 15982150.998409 0.000000 14 7
0.000000 16045554.023156 0.000000 15 4
0.000000 16629993.814685 0.000000 15 1
0.000000 15666125.043798 0.000000 13 12
0.000000 19101174.769753 0.000000 13 7
0.000000 13108009.274162 0.000000 14 12
0.000000 14224289.715220 0.000000 13 15
0.000000 11430608.731917 0.000000 13 10
0.000000 16160658.427926 0.000000 14 4
0.000000 14308025.226204 0.000000 13 16
0.000000 18419420.742832 0.000000 15 2
0.000000 11217381.504424 0.000000 14 6
0.000000 12187117.668085 0.000000 15 0
0.000000 15868318.014080 0.000000 15 7
0.000000 13747687.402939 0.000000 14 13
0.000000 9564108.855505 0.000000 14 10
0.000000 11901610.702907 0.000000 14 15
0.000000 11137485.624750 0.000000 15 6
0.000000 16448594.355757 0.000000 14 5
0.000000 13544896.180856 0.000000 14 11
0.000000 17387828.844483 0.000000 14 19
0.000000 8143267.408908 0.000000 14 9
0.000000 12447097.650375 0.000000 14 14
0.000000 16331439.125311 0.000000 15 5
0.000000 11971673.072893 0.000000 14 16
0.000000 9580403.595675 0.000000 14 17
0.000000 8085266.928784 0.000000 15 9
0.000000 14922767.146572 0.000000 15 8
0.000000 9495988.422059 0.000000 15 10
0.000000 13448422.561321 0.000000 15 11
0.000000 13014647.384760 0.000000 15 12
0.000000 13649769.401525 0.000000 15 13
0.000000 17263983.909640 0.000000 15 19
0.000000 18228435.181300 0.000000 15 18
0.000000 12358443.108676 0.000000 15 14
0.000000 11816841.395889 0.000000 15 15
0.000000 15150711.725127 0.000000 16 1
0.000000 9512167.102802 0.000000 15 17
0.000000 10146776.716795 0.000000 16 6
0.000000 14878714.267777 0.000000 16 5
0.000000 11886404.746129 0.000000 15 16
0.000000 14618259.404015 0.000000 16 4
0.000000 16780964.378860 0.000000 16 2
0.000000 10829077.494266 0.000000 16 16
0.000000 13755123.478552 0.000000 16 3
0.000000 8651295.047333 0.000000 16 10
0.000000 11103041.203401 0.000000 16 0
0.000000 8666034.591173 0.000000 16 17
0.000000 7366060.975242 0.000000 16 9
0.000000 12252149.679090 0.000000 16 11
0.000000 12435586.183988 0.000000 16 13
0.000000 11856959.956166 0.000000 16 12
0.000000 13595347.400574 0.000000 16 8
0.000000 13027226.144956 0.000000 17 1
0.000000 14456789.008400 0.000000 16 7
0.000000 12793351.165834 0.000000 17 5
0.000000 8724630.058602 0.000000 17 6
0.000000 10765701.988857 0.000000 16 15
0.000000 9546866.923451 0.000000 17 0
0.000000 11259126.791602 0.000000 16 14
0.000000 11689857.765190 0.000000 17 8
0.000000 12569400.999120 0.000000 17 4
0.000000 6333652.429029 0.000000 17 9
0.000000 15728306.718083 0.000000 16 19
0.000000 11827240.030187 0.000000 17 3
0.000000 14428986.694059 0.000000 17 2
0.000000 10692645.758814 0.000000 17 13
0.000000 12430561.887342 0.000000 17 7
0.000000 16606967.489875 0.000000 16 18
0.000000 7451425.018613 0.000000 17 17
0.000000 10534919.251370 0.000000 17 11
0.000000 7438751.332015 0.000000 17 10
0.000000 10195118.324797 0.000000 17 12
0.000000 13523866.878946 0.000000 17 19
0.000000 9256808.323924 0.000000 17 15
0.000000 14279376.771130 0.000000 17 18
0.000000 9311301.277881 0.000000 17 16
0.000000 9681075.949351 0.000000 17 14
0.000000 21764866.603886 0.000000 18 7
0.000000 15276092.191853 0.000000 18 6
0.000000 19946448.824857 0.000000 19 1
0.000000 18109107.445287 0.000000 19 3
0.000000 16715759.673780 0.000000 18 0
0.000000 13358591.079682 0.000000 19 6
0.000000 22092734.203995 0.000000 19 2
0.000000 22809575.452459 0.000000 18 1
0.000000 13024626.874546 0.000000 18 10
0.000000 13046817.433641 0.000000 18 17
0.000000 19245456.473309 0.000000 19 4
0.000000 25263940.069747 0.000000 18 2
0.000000 19032874.979134 0.000000 19 7
0.000000 22400080.062850 0.000000 18 5
0.000000 17850793.256470 0.000000 18 12
0.000000 18445756.052845 0.000000 18 11
0.000000 22007962.185044 0.000000 18 4
0.000000 16207891.499457 0.000000 18 15
0.000000 16950748.368641 0.000000 18 14
0.000000 11089691.797923 0.000000 18 9
0.000000 23679151.534503 0.000000 18 19
0.000000 19588354.531928 0.000000 19 5
0.000000 25001985.698577 0.000000 18 18
0.000000 20467956.084776 0.000000 18 8
0.000000 18721921.876289 0.000000 18 13
0.000000 14617547.161489 0.000000 19 0
0.000000 20708500.857013 0.000000 18 3
0.000000 17898756.576898 0.000000 19 8
0.000000 9697680.275610 0.000000 19 9
0.000000 16130389.184388 0.000000 19 11
0.000000 16303304.072463 0.000000 18 16
0.000000 11389736.471850 0.000000 19 10
0.000000 11409141.604681 0.000000 19 17
0.000000 14823039.367922 0.000000 19 14
0.000000 20706873.098273 0.000000 19 19
0.000000 14256864.230146 0.000000 19 16
0.000000 15610107.910156 0.000000 19 12
0.000000 16371889.840841 0.000000 19 13
0.000000 14173428.131008 0.000000 19 15
0.000000 21863661.134588 0.000000 19 18
0.000000 0.000000 306742146.357579 19 19
0.000000 0.000000 229187105.211986 8 8
0.000000 0.000000 152859393.002785 0 0
0.000000 0.000000 93121477.600394 17 17
0.000000 0.000000 234605623.404714 3 3
0.000000 0.000000 341972387.490397 18 18
0.000000 0.000000 186137197.363915 11 11
0.000000 0.000000 157187774.776494 14 14
0.000000 0.000000 174323420.232991 12 12
0.000000 0.000000 274498976.219551 5 5
0.000000 0.000000 127663031.083938 6 6
0.000000 0.000000 67278900.881586 9 9
0.000000 0.000000 349175848.296424 2 2
0.000000 0.000000 284626762.611823 1 1
0.000000 0.000000 92804914.205929 10 10
0.000000 0.000000 145408921.894243 16 16
0.000000 0.000000 191752899.745216 13 13
0.000000 0.000000 264972495.233884 4 4
0.000000 0.000000 259151252.192343 7 7
0.000000 0.000000 143712276.313908 15 15
0.000000 0.000000 433088319.544947 0 19
0.000000 0.000000 326488475.516893 0 12
0.000000 0.000000 374356009.365996 0 8
0.000000 0.000000 536536180.369418 3 19
0.000000 0.000000 337370259.260234 0 11
0.000000 0.000000 296440034.697871 0 15
0.000000 0.000000 276771199.299950 1 9
0.000000 0.000000 360653277.809692 2 17
0.000000 0.000000 543197080.447971 1 7
0.000000 0.000000 590972884.722707 1 19
0.000000 0.000000 549264143.302052 1 4
0.000000 0.000000 202828888.111000 0 9
0.000000 0.000000 381253367.592066 1 6
0.000000 0.000000 516832812.744756 1 3
0.000000 0.000000 346134704.944037 3 6
0.000000 0.000000 423048633.813622 1 14
0.000000 0.000000 238218577.176623 0 10
0.000000 0.000000 342421292.186405 0 13
0.000000 0.000000 279397556.710901 0 6
0.000000 0.000000 251276776.561272 3 9
0.000000 0.000000 238624437.983270 0 17
0.000000 0.000000 654562974.604031 2 19
0.000000 0.000000 468569671.780889 2 14
0.000000 0.000000 510829411.987315 1 8
0.000000 0.000000 367854706.411250 4 6
0.000000 0.000000 559050431.530601 1 5
0.000000 0.000000 409694286.055543 0 5
0.000000 0.000000 360039865.012141 2 10
0.000000 0.000000 310026777.424689 0 14
0.000000 0.000000 398076320.956271 0 7
0.000000 0.000000 566509734.345061 3 18
0.000000 0.000000 298185115.942226 0 16
0.000000 0.000000 493161181.468726 3 7
0.000000 0.000000 295119675.589372 3 10
0.000000 0.000000 630525272.423559 1 2
0.000000 0.000000 463775018.981462 3 8
0.000000 0.000000 417954818.093705 3 11
0.000000 0.000000 492876967.259781 4 8
0.000000 0.000000 457282766.755212 0 18
0.000000 0.000000 325616199.527137 1 17
0.000000 0.000000 462073878.027414 0 2
0.000000 0.000000 402522504.212960 0 4
0.000000 0.000000 524107116.191789 4 7
0.000000 0.000000 313638478.054473 4 10
0.000000 0.000000 378755538.589458 0 3
0.000000 0.000000 404508767.106373 1 15
0.000000 0.000000 507554224.370443 3 5
0.000000 0.000000 467252728.482728 1 13
0.000000 0.000000 509896179.896616 2 11
0.000000 0.000000 404473801.531097 3 12
0.000000 0.000000 460360314.092098 1 11
0.000000 0.000000 325062378.782473 1 10
0.000000 0.000000 306552437.642816 2 9
0.000000 0.000000 539403323.789742 4 5
0.000000 0.000000 691130088.900633 2 18
0.000000 0.000000 601646377.634244 2 7
0.000000 0.000000 406890025.870310 1 16
0.000000 0.000000 424212346.655659 3 13
0.000000 0.000000 565795874.203659 2 8
0.000000 0.000000 295622482.839645 3 17
0.000000 0.000000 623987542.143394 1 18
0.000000 0.000000 450672361.742262 2 16
0.000000 0.000000 384080051.455395 3 14
0.000000 0.000000 422277137.883340 2 6
0.000000 0.000000 493449619.896554 2 12
0.000000 0.000000 369409877.407746 3 16
0.000000 0.000000 445511520.986885 1 12
0.000000 0.000000 517530236.315297 2 13
0.000000 0.000000 417183897.043808 0 1
0.000000 0.000000 267044430.145741 4 9
0.000000 0.000000 448034873.314863 2 15
0.000000 0.000000 572445252.706255 2 3
0.000000 0.000000 498669384.136148 3 4
0.000000 0.000000 619205593.855788 2 5
0.000000 0.000000 608366273.490164 2 4
0.000000 0.000000 367247963.296250 3 15
0.000000 0.000000 570203899.961774 4 19
0.000000 0.000000 450831729.311985 4 13
0.000000 0.000000 314172835.949744 4 17
0.000000 0.000000 429854587.808991 4 12
0.000000 0.000000 392590398.177754 4 16
0.000000 0.000000 444181542.113381 4 11
0.000000 0.000000 458864243.824275 5 13
0.000000 0.000000 602058301.820148 4 18
0.000000 0.000000 437513349.638763 5 12
0.000000 0.000000 533445181.433483 5 7
0.000000 0.000000 408181128.485396 4 14
0.000000 0.000000 501658600.580473 5 8
0.000000 0.000000 319226603.625536 5 10
0.000000 0.000000 415453730.557562 5 14
0.000000 0.000000 390292824.575892 4 15
0.000000 0.000000 271802384.160262 5 9
0.000000 0.000000 452095565.806649 5 11
0.000000 0.000000 397246704.705397 5 15
0.000000 0.000000 399585217.594310 5 16
607260.000000 0.000000 0.000000 0 1
667288.000000 0.000000 0.000000 0 2
0.000000 0.000000 374408806.485394 5 6
586320.000000 0.000000 0.000000 0 3
714752.000000 0.000000 0.000000 0 4
629596.000000 0.000000 0.000000 0 5
0.000000 0.000000 580363276.039524 5 19
439042.000000 0.000000 0.000000 0 6
533970.000000 0.000000 0.000000 0 7
554910.000000 0.000000 0.000000 0 8
316892.000000 0.000000 0.000000 0 9
381108.000000 0.000000 0.000000 0 10
0.000000 0.000000 319770481.172732 5 17
513728.000000 0.000000 0.000000 0 11
497674.000000 0.000000 0.000000 0 12
585622.000000 0.000000 0.000000 0 13
489996.000000 0.000000 0.000000 0 14
486506.000000 0.000000 0.000000 0 15
443230.000000 0.000000 0.000000 0 16
381108.000000 0.000000 0.000000 0 17
667288.000000 0.000000 0.000000 0 18
583528.000000 0.000000 0.000000 0 19
730800.000000 0.000000 0.000000 1 3
831720.000000 0.000000 0.000000 1 2
784740.000000 0.000000 0.000000 1 5
890880.000000 0.000000 0.000000 1 4
547230.000000 0.000000 0.000000 1 6
665550.000000 0.000000 0.000000 1 7
394980.000000 0.000000 0.000000 1 9
691650.000000 0.000000 0.000000 1 8
0.000000 0.000000 395788001.415657 6 19
640320.000000 0.000000 0.000000 1 11
475020.000000 0.000000 0.000000 1 10
610740.000000 0.000000 0.000000 1 14
620310.000000 0.000000 0.000000 1 12
729930.000000 0.000000 0.000000 1 13
606390.000000 0.000000 0.000000 1 15
552450.000000 0.000000 0.000000 1 16
0.000000 0.000000 298369209.721212 6 12
475020.000000 0.000000 0.000000 1 17
0.000000 0.000000 363791456.833423 6 7
727320.000000 0.000000 0.000000 1 19
831720.000000 0.000000 0.000000 1 18
0.000000 0.000000 218072585.693822 6 17
803040.000000 0.000000 0.000000 2 3
0.000000 0.000000 563905539.335170 7 19
978944.000000 0.000000 0.000000 2 4
434024.000000 0.000000 0.000000 2 9
760020.000000 0.000000 0.000000 2 8
862312.000000 0.000000 0.000000 2 5
601324.000000 0.000000 0.000000 2 6
731340.000000 0.000000 0.000000 2 7
521976.000000 0.000000 0.000000 2 10
681628.000000 0.000000 0.000000 2 12
703616.000000 0.000000 0.000000 2 11
802084.000000 0.000000 0.000000 2 13
521976.000000 0.000000 0.000000 2 17
666332.000000 0.000000 0.000000 2 15
671112.000000 0.000000 0.000000 2 14
607060.000000 0.000000 0.000000 2 16
913936.000000 0.000000 0.000000 2 18
0.000000 0.000000 283325302.587318 6 14
799216.000000 0.000000 0.000000 2 19
528360.000000 0.000000 0.000000 3 6
757680.000000 0.000000 0.000000 3 5
860160.000000 0.000000 0.000000 3 4
0.000000 0.000000 272503519.475465 6 16
381360.000000 0.000000 0.000000 3 9
0.000000 0.000000 403672442.745285 7 14
667800.000000 0.000000 0.000000 3 8
458640.000000 0.000000 0.000000 3 10
618240.000000 0.000000 0.000000 3 11
642600.000000 0.000000 0.000000 3 7
0.000000 0.000000 217701678.545262 6 10
0.000000 0.000000 342114092.639902 6 8
533400.000000 0.000000 0.000000 3 16
458640.000000 0.000000 0.000000 3 17
589680.000000 0.000000 0.000000 3 14
598920.000000 0.000000 0.000000 3 12
704760.000000 0.000000 0.000000 3 13
585480.000000 0.000000 0.000000 3 15
464896.000000 0.000000 0.000000 4 9
783360.000000 0.000000 0.000000 4 7
0.000000 0.000000 439275201.567153 7 11
644096.000000 0.000000 0.000000 4 6
559104.000000 0.000000 0.000000 4 10
814080.000000 0.000000 0.000000 4 8
0.000000 0.000000 385981726.759585 7 15
702240.000000 0.000000 0.000000 3 19
803040.000000 0.000000 0.000000 3 18
923648.000000 0.000000 0.000000 4 5
0.000000 0.000000 312929793.013362 6 13
0.000000 0.000000 158309973.877251 9 17
0.000000 0.000000 388253923.771336 7 16
0.000000 0.000000 399775532.665755 8 12
718848.000000 0.000000 0.000000 4 14
730112.000000 0.000000 0.000000 4 12
650240.000000 0.000000 0.000000 4 16
713728.000000 0.000000 0.000000 4 15
859136.000000 0.000000 0.000000 4 13
753664.000000 0.000000 0.000000 4 11
559104.000000 0.000000 0.000000 4 17
492492.000000 0.000000 0.000000 5 10
856064.000000 0.000000 0.000000 4 19
567358.000000 0.000000 0.000000 5 6
717090.000000 0.000000 0.000000 5 8
663872.000000 0.000000 0.000000 5 11
643126.000000 0.000000 0.000000 5 12
690030.000000 0.000000 0.000000 5 7
409508.000000 0.000000 0.000000 5 9
978944.000000 0.000000 0.000000 4 18
0.000000 0.000000 270908734.066649 6 15
0.000000 0.000000 310702544.157923 7 17
754072.000000 0.000000 0.000000 5 19
492492.000000 0.000000 0.000000 5 17
285566.000000 0.000000 0.000000 6 9
500055.000000 0.000000 0.000000 6 8
756778.000000 0.000000 0.000000 5 13
628694.000000 0.000000 0.000000 5 15
481185.000000 0.000000 0.000000 6 7
572770.000000 0.000000 0.000000 5 16
633204.000000 0.000000 0.000000 5 14
862312.000000 0.000000 0.000000 5 18
0.000000 0.000000 425106499.332955 7 12
441558.000000 0.000000 0.000000 6 14
343434.000000 0.000000 0.000000 6 10
462944.000000 0.000000 0.000000 6 11
399415.000000 0.000000 0.000000 6 16
438413.000000 0.000000 0.000000 6 15
448477.000000 0.000000 0.000000 6 12
343434.000000 0.000000 0.000000 6 17
0.000000 0.000000 185359975.493523 6 9
601324.000000 0.000000 0.000000 6 18
527731.000000 0.000000 0.000000 6 13
0.000000 0.000000 419284803.417179 8 13
0.000000 0.000000 445851933.948197 7 13
347310.000000 0.000000 0.000000 7 9
485775.000000 0.000000 0.000000 7 16
533205.000000 0.000000 0.000000 7 15
525844.000000 0.000000 0.000000 6 19
545445.000000 0.000000 0.000000 7 12
417690.000000 0.000000 0.000000 7 10
417690.000000 0.000000 0.000000 7 17
537030.000000 0.000000 0.000000 7 14
608175.000000 0.000000 0.000000 7 8
639540.000000 0.000000 0.000000 7 19
563040.000000 0.000000 0.000000 7 11
641835.000000 0.000000 0.000000 7 13
731340.000000 0.000000 0.000000 7 18
0.000000 0.000000 227171644.459995 9 13
434070.000000 0.000000 0.000000 8 17
504825.000000 0.000000 0.000000 8 16
585120.000000 0.000000 0.000000 8 11
554115.000000 0.000000 0.000000 8 15
360930.000000 0.000000 0.000000 8 9
434070.000000 0.000000 0.000000 8 10
760020.000000 0.000000 0.000000 8 18
558090.000000 0.000000 0.000000 8 14
667005.000000 0.000000 0.000000 8 13
566835.000000 0.000000 0.000000 8 12
664620.000000 0.000000 0.000000 8 19
318708.000000 0.000000 0.000000 9 14
247884.000000 0.000000 0.000000 9 10
316438.000000 0.000000 0.000000 9 15
380906.000000 0.000000 0.000000 9 13
334144.000000 0.000000 0.000000 9 11
323702.000000 0.000000 0.000000 9 12
401856.000000 0.000000 0.000000 10 11
383292.000000 0.000000 0.000000 10 14
298116.000000 0.000000 0.000000 10 17
516672.000000 0.000000 0.000000 11 14
434024.000000 0.000000 0.000000 9 18
389298.000000 0.000000 0.000000 10 12
288290.000000 0.000000 0.000000 9 16
456456.000000 0.000000 0.000000 10 19
617504.000000 0.000000 0.000000 11 13
247884.000000 0.000000 0.000000 9 17
521976.000000 0.000000 0.000000 10 18
458094.000000 0.000000 0.000000 10 13
512992.000000 0.000000 0.000000 11 15
380562.000000 0.000000 0.000000 10 15
346710.000000 0.000000 0.000000 10 16
703616.000000 0.000000 0.000000 11 18
379544.000000 0.000000 0.000000 9 19
401856.000000 0.000000 0.000000 11 17
467360.000000 0.000000 0.000000 11 16
524768.000000 0.000000 0.000000 11 12
496961.000000 0.000000 0.000000 12 15
0.000000 0.000000 205680239.543057 9 14
452755.000000 0.000000 0.000000 12 16
389298.000000 0.000000 0.000000 12 17
500526.000000 0.000000 0.000000 12 14
598207.000000 0.000000 0.000000 12 13
681628.000000 0.000000 0.000000 12 18
615296.000000 0.000000 0.000000 11 19
0.000000 0.000000 417898671.438056 6 18
0.000000 0.000000 223820650.136857 9 11
588978.000000 0.000000 0.000000 13 14
596068.000000 0.000000 0.000000 12 19
0.000000 0.000000 413099957.247739 8 11
0.000000 0.000000 310174089.118981 7 10
0.000000 0.000000 197824155.049495 9 16
0.000000 0.000000 487432745.849234 7 8
666332.000000 0.000000 0.000000 15 18
445770.000000 0.000000 0.000000 14 16
671112.000000 0.000000 0.000000 14 18
456456.000000 0.000000 0.000000 17 19
532765.000000 0.000000 0.000000 13 16
458094.000000 0.000000 0.000000 13 17
442595.000000 0.000000 0.000000 15 16
521976.000000 0.000000 0.000000 17 18
607060.000000 0.000000 0.000000 16 18
346710.000000 0.000000 0.000000 16 17
383292.000000 0.000000 0.000000 14 17
489294.000000 0.000000 0.000000 14 15
530860.000000 0.000000 0.000000 16 19
380562.000000 0.000000 0.000000 15 17
582692.000000 0.000000 0.000000 15 19
0.000000 0.000000 264094709.915689 7 9
584783.000000 0.000000 0.000000 13 15
701404.000000 0.000000 0.000000 13 19
586872.000000 0.000000 0.000000 14 19
802084.000000 0.000000 0.000000 13 18
799216.000000 0.000000 0.000000 18 19
0.000000 0.000000 291691640.309025 8 10
0.000000 0.000000 595408085.413929 7 18
0.000000 0.000000 248358008.533421 8 9
0.000000 0.000000 316568906.871035 12 15
0.000000 0.000000 287322626.832495 9 19
0.000000 0.000000 308313787.357246 6 11
0.000000 0.000000 292188607.017468 8 17
0.000000 0.000000 612785234.791232 5 18
0.000000 0.000000 530303910.230650 8 19
0.000000 0.000000 362982102.422844 8 15
0.000000 0.000000 185931978.308569 10 17
0.000000 0.000000 241567432.367145 10 14
0.000000 0.000000 337454826.026810 10 19
0.000000 0.000000 379618674.757147 8 14
0.000000 0.000000 477910763.806684 11 19
0.000000 0.000000 232340615.016356 10 16
0.000000 0.000000 365118904.405300 8 16
0.000000 0.000000 196666420.345191 9 15
0.000000 0.000000 263320857.271934 11 17
0.000000 0.000000 216601376.039114 9 12
0.000000 0.000000 303373885.867683 9 18
0.000000 0.000000 266808667.775556 10 13
0.000000 0.000000 360278377.060909 11 12
0.000000 0.000000 327120074.665428 11 15
0.000000 0.000000 331078221.553792 12 14
0.000000 0.000000 559929299.955793 8 18
0.000000 0.000000 230980876.857831 10 15
0.000000 0.000000 342112979.509102 11 14
0.000000 0.000000 462495882.973578 12 19
0.000000 0.000000 254394095.142699 10 12
0.000000 0.000000 329045764.014771 11 16
0.000000 0.000000 504609215.388643 11 18
0.000000 0.000000 488333182.758907 12 18
0.000000 0.000000 254827514.302607 12 17
0.000000 0.000000 356306717.437954 10 18
0.000000 0.000000 377860161.147640 11 13
0.000000 0.000000 365672383.985629 12 13
0.000000 0.000000 158040713.850991 9 10
0.000000 0.000000 262872990.971083 10 11
0.000000 0.000000 318432483.847993 12 16
0.000000 0.000000 332017645.709934 13 15
0.000000 0.000000 347235022.834469 13 14
0.000000 0.000000 333972166.256019 13 16
0.000000 0.000000 485065943.286040 13 19
0.000000 0.000000 267263240.632751 13 17
0.000000 0.000000 439176636.057671 14 19
0.000000 0.000000 512164115.615816 13 18
0.000000 0.000000 241979000.218033 14 17
0.000000 0.000000 300607362.818183 14 15
0.000000 0.000000 289125477.419367 15 16
0.000000 0.000000 463711207.547956 14 18
0.000000 0.000000 419929971.000753 15 19
0.000000 0.000000 231374406.068802 15 17
0.000000 0.000000 302376976.727984 14 16
0.000000 0.000000 338029759.653953 17 19
0.000000 0.000000 422402015.313804 16 19
0.000000 0.000000 443389330.403999 15 18
0.000000 0.000000 232736462.026540 16 17
0.000000 0.000000 445999476.261818 16 18
0.000000 0.000000 647776002.324420 18 19
0.000000 0.000000 356913768.461867 17 18
