476776.000000 0.000000 0.000000 0 0
306936.000000 0.000000 0.000000 1 1
323610.000000 0.000000 0.000000 6 6
431985.000000 0.000000 0.000000 4 4
506521.000000 0.000000 0.000000 3 3
387640.000000 0.000000 0.000000 5 5
375411.000000 0.000000 0.000000 13 13
332520.000000 0.000000 0.000000 7 7
408156.000000 0.000000 0.000000 8 8
349030.000000 0.000000 0.000000 11 11
272691.000000 0.000000 0.000000 9 9
372816.000000 0.000000 0.000000 2 2
352380.000000 0.000000 0.000000 10 10
423660.000000 0.000000 0.000000 12 12
277885.000000 0.000000 0.000000 16 16
344035.000000 0.000000 0.000000 19 19
402753.000000 0.000000 0.000000 15 15
333336.000000 0.000000 0.000000 14 14
206403.000000 0.000000 0.000000 17 17
280126.000000 0.000000 0.000000 18 18
0.000000 20176315.874155 0.000000 1 15
0.000000 22248216.358241 0.000000 2 8
0.000000 24160741.907800 0.000000 1 0
0.000000 21395646.329206 0.000000 1 11
0.000000 19052718.926598 0.000000 1 6
0.000000 22344604.994141 0.000000 2 14
0.000000 22563761.600928 0.000000 1 5
0.000000 25815487.490478 0.000000 2 2
0.000000 17495779.925737 0.000000 1 9
0.000000 20694088.394899 0.000000 1 19
0.000000 17491472.373880 0.000000 1 7
0.000000 22771384.096301 0.000000 1 10
0.000000 20275660.086897 0.000000 1 14
0.000000 28118361.079099 0.000000 0 5
0.000000 22086754.820292 0.000000 2 1
0.000000 16639417.592377 0.000000 1 18
0.000000 21802776.769282 0.000000 0 9
0.000000 23425164.574394 0.000000 1 2
0.000000 23399035.226711 0.000000 2 16
0.000000 20188196.324829 0.000000 1 8
0.000000 21457463.246120 0.000000 2 13
0.000000 24457063.764844 0.000000 2 3
0.000000 16639880.459572 0.000000 1 17
0.000000 20735600.749001 0.000000 0 18
0.000000 19276316.493094 0.000000 2 7
0.000000 22235123.615684 0.000000 2 15
0.000000 22649833.063283 0.000000 1 4
0.000000 22192520.823792 0.000000 1 3
0.000000 21232457.889306 0.000000 1 16
0.000000 25094994.718951 0.000000 2 10
0.000000 19470661.093768 0.000000 1 13
0.000000 20041684.928885 0.000000 1 1
0.000000 29191818.609445 0.000000 0 2
0.000000 24504022.718897 0.000000 2 12
0.000000 25157994.655436 0.000000 0 8
0.000000 30108475.566740 0.000000 0 0
0.000000 27655730.669079 0.000000 0 3
0.000000 26459325.715795 0.000000 0 16
0.000000 20736177.561736 0.000000 0 17
0.000000 28377094.723443 0.000000 0 10
0.000000 24866186.255092 0.000000 2 5
0.000000 19281063.591455 0.000000 2 9
0.000000 23578875.546492 0.000000 2 11
0.000000 20996873.918498 0.000000 2 6
0.000000 26662686.815907 0.000000 0 11
0.000000 23742992.844557 0.000000 0 6
0.000000 25143189.550595 0.000000 0 15
0.000000 25266989.675622 0.000000 0 14
0.000000 25788423.932019 0.000000 0 19
0.000000 22805730.068317 0.000000 2 19
0.000000 18337827.444942 0.000000 2 17
0.000000 24975416.041905 0.000000 0 1
0.000000 26626123.735340 0.000000 2 0
0.000000 24961040.518857 0.000000 2 4
0.000000 18337317.346427 0.000000 2 18
0.000000 22235131.726230 0.000000 1 12
0.000000 28981770.324411 0.000000 3 5
0.000000 25008872.093448 0.000000 3 13
0.000000 24263821.286316 0.000000 0 13
0.000000 27708831.246039 0.000000 0 12
0.000000 21797408.811483 0.000000 0 7
0.000000 29248448.706937 0.000000 3 10
0.000000 28225621.049856 0.000000 0 4
0.000000 25915242.453668 0.000000 3 15
0.000000 28559665.368289 0.000000 3 12
0.000000 26042844.015839 0.000000 3 14
0.000000 31032993.752067 0.000000 3 0
0.000000 29092323.845696 0.000000 3 4
0.000000 25742317.251183 0.000000 3 1
0.000000 30088189.702977 0.000000 3 2
0.000000 28504934.271974 0.000000 3 3
0.000000 25930502.167966 0.000000 3 8
0.000000 22472258.143926 0.000000 3 9
0.000000 22466725.356189 0.000000 3 7
0.000000 27481397.772389 0.000000 3 11
0.000000 24472050.966520 0.000000 3 6
0.000000 23773937.480703 0.000000 4 1
0.000000 27271792.217322 0.000000 3 16
0.000000 22600801.786816 0.000000 4 6
0.000000 23947732.885806 0.000000 4 8
0.000000 28660063.743060 0.000000 4 0
0.000000 20748812.891445 0.000000 4 7
0.000000 26325311.691212 0.000000 4 3
0.000000 19655595.868427 0.000000 5 7
0.000000 25452172.103167 0.000000 5 4
0.000000 26867786.669706 0.000000 4 4
0.000000 27787503.896247 0.000000 4 2
0.000000 24051484.542617 0.000000 4 14
0.000000 21372907.681239 0.000000 3 17
0.000000 26765686.594778 0.000000 4 5
0.000000 22685970.615341 0.000000 5 8
0.000000 21372313.156764 0.000000 3 18
0.000000 25186461.530070 0.000000 4 16
0.000000 26580289.559551 0.000000 3 19
0.000000 27011973.482637 0.000000 4 10
0.000000 25380039.650752 0.000000 4 11
0.000000 24807904.637529 0.000000 6 0
0.000000 19738633.707848 0.000000 4 17
0.000000 21801184.440375 0.000000 6 16
0.000000 24938279.139817 0.000000 5 3
0.000000 17085116.277827 0.000000 6 18
0.000000 26375857.787847 0.000000 4 12
0.000000 27150017.373692 0.000000 5 0
0.000000 25355451.494102 0.000000 5 5
0.000000 17964416.887988 0.000000 6 9
0.000000 20818758.125048 0.000000 6 14
0.000000 25588761.976264 0.000000 5 10
0.000000 21248394.334171 0.000000 6 19
0.000000 22786963.345818 0.000000 6 3
0.000000 24547834.448886 0.000000 4 19
0.000000 20716752.906307 0.000000 6 15
0.000000 19563059.611972 0.000000 6 6
0.000000 24042811.755165 0.000000 5 11
0.000000 23933640.002446 0.000000 4 15
0.000000 21410006.854277 0.000000 5 6
0.000000 20859712.885448 0.000000 7 1
0.000000 19660436.370420 0.000000 5 9
0.000000 17085591.543253 0.000000 6 17
0.000000 22830715.611805 0.000000 6 12
0.000000 20578515.775379 0.000000 6 1
0.000000 23256525.020372 0.000000 6 4
0.000000 24052624.339866 0.000000 6 2
0.000000 17959993.955174 0.000000 6 7
0.000000 26323431.110145 0.000000 5 2
0.000000 19738084.643506 0.000000 4 18
0.000000 25146894.638816 0.000000 7 0
0.000000 23254453.923918 0.000000 5 19
0.000000 20753922.615672 0.000000 4 9
0.000000 23096575.021810 0.000000 4 13
0.000000 23168148.072646 0.000000 6 5
0.000000 22521332.172216 0.000000 5 1
0.000000 21879658.703494 0.000000 5 13
0.000000 22672620.260759 0.000000 5 15
0.000000 19992196.658761 0.000000 6 13
0.000000 23859432.910909 0.000000 5 16
0.000000 24986162.054839 0.000000 5 12
0.000000 21968743.998744 0.000000 6 11
0.000000 24381293.740828 0.000000 7 2
0.000000 20728951.583600 0.000000 6 8
0.000000 18698121.044159 0.000000 5 18
0.000000 23381331.884746 0.000000 6 10
0.000000 22784255.786930 0.000000 5 14
0.000000 18209893.392024 0.000000 7 9
0.000000 23574316.045513 0.000000 7 4
0.000000 23484731.462594 0.000000 7 5
0.000000 23098338.000213 0.000000 7 3
0.000000 19830380.923358 0.000000 7 6
0.000000 18698641.179326 0.000000 5 17
0.000000 18205410.021566 0.000000 7 7
0.000000 22268938.016121 0.000000 7 11
0.000000 23700828.345361 0.000000 7 10
0.000000 21012204.338194 0.000000 7 8
0.000000 22099088.824268 0.000000 7 16
0.000000 21103238.049794 0.000000 7 14
0.000000 20265381.954709 0.000000 7 13
0.000000 21538745.064266 0.000000 7 19
0.000000 23142688.123297 0.000000 7 12
0.000000 17318577.494006 0.000000 7 18
0.000000 20999838.970767 0.000000 7 15
0.000000 17319059.253737 0.000000 7 17
0.000000 27858814.649110 0.000000 8 0
0.000000 20173705.424314 0.000000 8 9
0.000000 19111878.576572 0.000000 9 14
0.000000 26116644.246644 0.000000 8 4
0.000000 21968951.414448 0.000000 8 6
0.000000 19186800.937612 0.000000 8 17
0.000000 26256800.030275 0.000000 8 10
0.000000 27010648.948519 0.000000 8 2
0.000000 25589335.235370 0.000000 8 3
0.000000 25638468.215231 0.000000 8 12
0.000000 18891333.114968 0.000000 9 1
0.000000 22450864.322295 0.000000 8 13
0.000000 26017398.582174 0.000000 8 5
0.000000 19029435.056035 0.000000 9 8
0.000000 23109289.765996 0.000000 8 1
0.000000 24670490.155134 0.000000 8 11
0.000000 18353084.883071 0.000000 9 13
0.000000 15684348.980607 0.000000 9 18
0.000000 20168738.552701 0.000000 8 7
0.000000 21464353.121060 0.000000 9 10
0.000000 21349778.869523 0.000000 9 4
0.000000 20013758.137016 0.000000 9 16
0.000000 17959131.743655 0.000000 9 6
0.000000 23278226.374947 0.000000 8 8
0.000000 19506289.953601 0.000000 9 19
0.000000 16487497.556742 0.000000 9 7
0.000000 23861550.905025 0.000000 8 19
0.000000 22080607.934098 0.000000 9 2
0.000000 21268647.732961 0.000000 9 5
0.000000 25886509.187078 0.000000 10 0
0.000000 25098390.615653 0.000000 10 2
0.000000 24482323.895413 0.000000 8 16
0.000000 15684785.280101 0.000000 9 17
0.000000 20918715.419451 0.000000 9 3
0.000000 20958880.542855 0.000000 9 12
0.000000 18740863.257330 0.000000 10 7
0.000000 19186267.223444 0.000000 8 18
0.000000 22773964.629809 0.000000 9 0
0.000000 19018236.519545 0.000000 9 15
0.000000 16491557.863687 0.000000 9 9
0.000000 20861422.600414 0.000000 10 13
0.000000 23264527.486449 0.000000 8 15
0.000000 20167579.894484 0.000000 9 11
0.000000 17827947.420217 0.000000 10 18
0.000000 21473233.852870 0.000000 10 1
0.000000 21617481.293226 0.000000 10 15
0.000000 22172237.566291 0.000000 10 19
0.000000 25763240.095701 0.000000 11 0
0.000000 23777700.882528 0.000000 10 3
0.000000 20316419.671333 0.000000 11 6
0.000000 23379077.447762 0.000000 8 14
0.000000 21723921.521967 0.000000 10 14
0.000000 24152117.909407 0.000000 11 4
0.000000 24060337.626135 0.000000 11 5
0.000000 24267678.282185 0.000000 10 4
0.000000 24175458.858843 0.000000 10 5
0.000000 23664473.735476 0.000000 11 3
0.000000 18745478.491740 0.000000 10 9
0.000000 22749062.025489 0.000000 10 16
0.000000 21630210.348218 0.000000 10 8
0.000000 22923906.781306 0.000000 10 11
0.000000 21370980.358299 0.000000 11 1
0.000000 17828443.349339 0.000000 10 17
0.000000 24978874.469849 0.000000 11 2
0.000000 23823355.421097 0.000000 10 12
0.000000 18651621.051369 0.000000 11 7
0.000000 24397911.532156 0.000000 10 10
0.000000 20413627.420928 0.000000 10 6
0.000000 18656214.308454 0.000000 11 9
0.000000 21527209.346547 0.000000 11 8
0.000000 23709910.871464 0.000000 11 12
0.000000 20762082.492797 0.000000 11 13
0.000000 24281731.001023 0.000000 11 10
0.000000 22066655.482620 0.000000 11 19
0.000000 22814745.320442 0.000000 11 11
0.000000 22640733.158619 0.000000 11 16
0.000000 17743546.000072 0.000000 11 17
0.000000 21514540.906149 0.000000 11 15
0.000000 21620474.276605 0.000000 11 14
0.000000 17743052.432515 0.000000 11 18
0.000000 28382708.287462 0.000000 12 0
0.000000 23715980.632048 0.000000 12 8
0.000000 23543867.117920 0.000000 12 1
0.000000 25182130.117300 0.000000 13 10
0.000000 22382084.350227 0.000000 12 6
0.000000 20548017.928034 0.000000 12 7
0.000000 24541984.125133 0.000000 13 3
0.000000 25047710.798441 0.000000 13 4
0.000000 25134426.363807 0.000000 12 11
0.000000 26506663.821184 0.000000 12 5
0.000000 26120607.551172 0.000000 12 12
0.000000 26070550.610343 0.000000 12 3
0.000000 24942721.579612 0.000000 12 16
0.000000 26718575.553873 0.000000 13 0
0.000000 23818728.240552 0.000000 12 14
0.000000 20553078.203279 0.000000 12 9
0.000000 23702024.131524 0.000000 12 15
0.000000 19348011.728920 0.000000 13 9
0.000000 26750567.287589 0.000000 12 10
0.000000 26607775.830954 0.000000 12 4
0.000000 24310274.760627 0.000000 12 19
0.000000 25905124.599831 0.000000 13 2
0.000000 22325467.109494 0.000000 13 8
0.000000 19343248.147564 0.000000 13 7
0.000000 18400988.587203 0.000000 13 18
0.000000 24952527.179623 0.000000 13 5
0.000000 22873059.779670 0.000000 12 13
0.000000 21037954.588612 0.000000 14 8
0.000000 27518592.568187 0.000000 12 2
0.000000 22163444.941220 0.000000 13 1
0.000000 22884916.631070 0.000000 13 19
0.000000 17339801.240932 0.000000 14 18
0.000000 20290216.981613 0.000000 14 13
0.000000 21069779.730695 0.000000 13 6
0.000000 22955909.524140 0.000000 15 1
0.000000 21129099.861135 0.000000 14 14
0.000000 25177711.911660 0.000000 14 0
0.000000 23171049.260705 0.000000 14 12
0.000000 22422190.428162 0.000000 13 14
0.000000 19547614.671997 0.000000 12 17
0.000000 18401500.456892 0.000000 13 17
0.000000 21565140.585184 0.000000 14 19
0.000000 23729873.478144 0.000000 14 10
0.000000 23513511.770771 0.000000 14 5
0.000000 17340283.591054 0.000000 14 17
0.000000 24411172.777279 0.000000 14 2
0.000000 19547070.921177 0.000000 12 18
0.000000 23480281.876864 0.000000 13 16
0.000000 22126171.040986 0.000000 14 16
0.000000 22296228.381337 0.000000 14 11
0.000000 20885276.259090 0.000000 14 1
0.000000 24589106.131122 0.000000 13 12
0.000000 23660746.642140 0.000000 13 11
0.000000 26831374.729813 0.000000 15 2
0.000000 27673911.012044 0.000000 15 0
0.000000 18232209.437846 0.000000 14 9
0.000000 21025574.067536 0.000000 14 15
0.000000 23603206.138708 0.000000 14 4
0.000000 23126644.786976 0.000000 14 3
0.000000 18227720.573056 0.000000 14 7
0.000000 21531968.326833 0.000000 13 13
0.000000 25419494.514791 0.000000 15 3
0.000000 19854682.860757 0.000000 14 6
0.000000 22312328.905992 0.000000 13 15
0.000000 25844716.733112 0.000000 15 5
0.000000 21823139.790056 0.000000 15 6
0.000000 25943303.687476 0.000000 15 4
0.000000 20034875.243760 0.000000 15 7
0.000000 23123724.872442 0.000000 15 8
0.000000 25468301.390781 0.000000 15 12
0.000000 24506747.963838 0.000000 15 11
0.000000 23223906.579719 0.000000 15 14
0.000000 20039809.149385 0.000000 15 9
0.000000 26082529.233577 0.000000 15 10
0.000000 23110116.905834 0.000000 15 15
0.000000 18129245.305446 0.000000 16 6
0.000000 22301854.160869 0.000000 15 13
0.000000 19070276.730466 0.000000 16 1
0.000000 22989685.539719 0.000000 16 0
0.000000 19059454.913711 0.000000 15 17
0.000000 21116862.926793 0.000000 16 3
0.000000 16643671.417216 0.000000 16 7
0.000000 21552009.521886 0.000000 16 4
0.000000 24319830.595108 0.000000 15 16
0.000000 15833355.641352 0.000000 16 17
0.000000 19691058.600025 0.000000 16 19
0.000000 22289761.189255 0.000000 16 2
0.000000 16647770.184484 0.000000 16 9
0.000000 23703177.779519 0.000000 15 19
0.000000 15832915.209104 0.000000 16 18
0.000000 21667669.050542 0.000000 16 10
0.000000 19292911.255956 0.000000 16 14
0.000000 18201263.890188 0.000000 17 3
0.000000 19212220.434798 0.000000 17 2
0.000000 19198382.196929 0.000000 16 15
0.000000 18576329.922834 0.000000 17 4
0.000000 21157408.504714 0.000000 16 12
0.000000 21470109.890200 0.000000 16 5
0.000000 19815506.436761 0.000000 17 0
0.000000 19209686.808958 0.000000 16 8
0.000000 16557411.015996 0.000000 17 8
0.000000 14349217.464192 0.000000 17 9
0.000000 18236211.351655 0.000000 17 12
0.000000 14345684.613096 0.000000 17 7
0.000000 19058924.741892 0.000000 15 18
0.000000 17547704.833741 0.000000 17 11
0.000000 18526930.071401 0.000000 16 13
0.000000 20358612.450996 0.000000 16 11
0.000000 15626145.752842 0.000000 17 6
0.000000 20203333.654039 0.000000 16 16
0.000000 16629144.687914 0.000000 17 14
0.000000 18676020.373881 0.000000 17 10
0.000000 16710603.071705 0.000000 18 7
0.000000 15968922.300153 0.000000 17 13
0.000000 18505738.147963 0.000000 17 5
0.000000 16437249.245449 0.000000 17 1
0.000000 16972319.945500 0.000000 17 19
0.000000 19370496.689977 0.000000 18 14
0.000000 21556450.814731 0.000000 18 5
0.000000 13646869.275495 0.000000 17 18
0.000000 23082137.358251 0.000000 18 0
0.000000 13647248.897229 0.000000 17 17
0.000000 16547667.229585 0.000000 17 15
0.000000 21638679.801470 0.000000 18 4
0.000000 16714718.321968 0.000000 18 9
0.000000 18601435.152115 0.000000 18 13
0.000000 20440483.546644 0.000000 18 11
0.000000 19275587.487236 0.000000 18 15
0.000000 15896586.449889 0.000000 18 18
0.000000 21201783.287082 0.000000 18 3
0.000000 21242491.916939 0.000000 18 12
0.000000 19286937.560211 0.000000 18 8
0.000000 15897028.653317 0.000000 18 17
0.000000 17413865.332130 0.000000 17 16
0.000000 19770245.162779 0.000000 18 19
0.000000 21754804.448892 0.000000 18 10
0.000000 19146966.851394 0.000000 18 1
0.000000 20284580.304191 0.000000 18 16
0.000000 22379398.298608 0.000000 18 2
0.000000 18202151.117642 0.000000 18 6
0.000000 25578336.458635 0.000000 19 0
0.000000 21217600.116444 0.000000 19 1
0.000000 24799600.251142 0.000000 19 2
0.000000 23494633.014897 0.000000 19 3
0.000000 23887655.777072 0.000000 19 5
0.000000 23978777.350239 0.000000 19 4
0.000000 18517757.742428 0.000000 19 7
0.000000 24107460.204324 0.000000 19 10
0.000000 18522318.033525 0.000000 19 9
0.000000 22651003.129145 0.000000 19 11
0.000000 22478239.858314 0.000000 19 16
0.000000 21372707.844041 0.000000 19 8
0.000000 23539744.047014 0.000000 19 12
0.000000 17616199.976172 0.000000 19 17
0.000000 21908282.357114 0.000000 19 19
0.000000 20170608.046941 0.000000 19 6
0.000000 21465303.408562 0.000000 19 14
0.000000 17615709.950962 0.000000 19 18
0.000000 21360130.325534 0.000000 19 15
0.000000 20613072.331370 0.000000 19 13
0.000000 0.000000 348353449.330236 19 19
0.000000 0.000000 225230393.284654 17 17
0.000000 0.000000 474841237.962405 0 0
0.000000 0.000000 400627898.984424 3 3
0.000000 0.000000 334408659.464617 14 14
0.000000 0.000000 248874012.437718 7 7
0.000000 0.000000 417308837.218567 4 4
0.000000 0.000000 414143407.931840 5 5
0.000000 0.000000 295285131.327567 6 6
0.000000 0.000000 225217715.495393 18 18
0.000000 0.000000 248996559.341922 9 9
0.000000 0.000000 421800031.953962 10 10
0.000000 0.000000 331529535.027693 8 8
0.000000 0.000000 308381702.096853 13 13
0.000000 0.000000 326735265.961400 1 1
0.000000 0.000000 446368243.426769 2 2
0.000000 0.000000 372373132.465496 11 11
0.000000 0.000000 331139510.461596 15 15
0.000000 0.000000 402167823.812809 12 12
0.000000 0.000000 366714486.454519 16 16
0.000000 0.000000 796990496.399666 0 14
0.000000 0.000000 654058001.707317 0 18
0.000000 0.000000 634145108.487174 2 18
0.000000 0.000000 793085501.086056 0 15
0.000000 0.000000 654076194.139528 0 17
0.000000 0.000000 841014630.948401 0 11
0.000000 0.000000 886930609.862289 0 5
0.000000 0.000000 674758563.483939 1 19
0.000000 0.000000 793552493.704156 0 8
0.000000 0.000000 920790421.003880 0 2
0.000000 0.000000 802812669.165419 3 12
0.000000 0.000000 658263272.775141 1 8
0.000000 0.000000 732064778.865392 3 14
0.000000 0.000000 748919435.381762 0 6
0.000000 0.000000 747172383.624016 3 19
0.000000 0.000000 657875894.504659 1 15
0.000000 0.000000 765347799.875212 0 13
0.000000 0.000000 742046672.891183 2 13
0.000000 0.000000 687909760.235052 3 6
0.000000 0.000000 666781945.686265 2 9
0.000000 0.000000 542550572.227389 1 18
0.000000 0.000000 834600062.168364 0 16
0.000000 0.000000 813437968.325431 0 19
0.000000 0.000000 867840581.012703 2 10
0.000000 0.000000 872337971.573035 0 3
0.000000 0.000000 687550353.673065 0 7
0.000000 0.000000 666617781.114481 2 7
0.000000 0.000000 787793460.483870 0 1
0.000000 0.000000 815409816.850364 2 11
0.000000 0.000000 634162748.965500 2 17
0.000000 0.000000 845779512.035949 2 3
0.000000 0.000000 895091780.859789 0 10
0.000000 0.000000 890313884.544648 0 4
0.000000 0.000000 631540024.430239 3 7
0.000000 0.000000 763808974.274520 1 2
0.000000 0.000000 847403458.879945 2 12
0.000000 0.000000 768939895.334959 2 15
0.000000 0.000000 542565665.669740 1 17
0.000000 0.000000 772726003.594026 2 14
0.000000 0.000000 728477897.367934 3 15
0.000000 0.000000 735721770.666602 1 5
0.000000 0.000000 600792790.698363 3 17
0.000000 0.000000 621239506.555149 1 6
0.000000 0.000000 570473417.141394 1 9
0.000000 0.000000 766610532.092146 3 16
0.000000 0.000000 570332965.291576 1 7
0.000000 0.000000 692312823.326105 1 16
0.000000 0.000000 702999810.433344 3 13
0.000000 0.000000 600776078.471437 3 18
0.000000 0.000000 769392670.176870 2 8
0.000000 0.000000 788672730.080832 2 19
0.000000 0.000000 809190539.076504 2 16
0.000000 0.000000 863208147.646062 2 4
0.000000 0.000000 738528247.092277 1 4
0.000000 0.000000 723616966.854313 1 3
0.000000 0.000000 661115146.514733 1 14
0.000000 0.000000 697633802.302425 1 11
0.000000 0.000000 644553911.917206 4 7
0.000000 0.000000 728906848.289150 3 8
0.000000 0.000000 687719673.338730 0 9
0.000000 0.000000 874012908.554347 0 12
0.000000 0.000000 859927877.362337 2 5
0.000000 0.000000 644712642.653270 4 9
0.000000 0.000000 726118474.325153 2 6
0.000000 0.000000 772502548.399851 3 11
0.000000 0.000000 634867071.365626 1 13
0.000000 0.000000 702085236.519927 4 6
0.000000 0.000000 742491581.829065 1 10
0.000000 0.000000 822174380.409052 3 10
0.000000 0.000000 814678046.669789 3 5
0.000000 0.000000 839116591.936520 4 10
0.000000 0.000000 631695550.265065 3 9
0.000000 0.000000 743927133.949279 4 8
0.000000 0.000000 817785707.646093 3 4
0.000000 0.000000 725006352.598826 1 12
0.000000 0.000000 831465785.732315 4 5
0.000000 0.000000 762569058.834473 4 19
0.000000 0.000000 717486242.167984 4 13
0.000000 0.000000 782407763.342272 4 16
0.000000 0.000000 744310899.608579 5 14
0.000000 0.000000 788421193.552700 4 11
0.000000 0.000000 740664015.320751 5 15
0.000000 0.000000 779434542.279918 5 16
0.000000 0.000000 613173082.286530 4 17
0.000000 0.000000 743489345.375353 4 15
0.000000 0.000000 747150140.091680 4 14
0.000000 0.000000 819355903.637081 4 12
0.000000 0.000000 613156026.572140 4 18
0.000000 0.000000 714759728.183226 5 13
0.000000 0.000000 610842969.242094 5 17
0.000000 0.000000 689230585.719690 6 12
0.000000 0.000000 642262675.527830 5 9
0.000000 0.000000 699417247.185181 5 6
0.000000 0.000000 741100142.967884 5 8
0.000000 0.000000 642104547.775405 5 7
0.000000 0.000000 835927870.693230 5 10
765968.000000 0.000000 0.000000 0 1
0.000000 0.000000 639508161.383880 8 13
0.000000 0.000000 679691272.843746 8 19
844128.000000 0.000000 0.000000 0 2
0.000000 0.000000 816242274.847705 5 12
0.000000 0.000000 546532000.081997 8 17
0.000000 0.000000 730306390.179650 8 12
860737.000000 0.000000 0.000000 0 5
983839.000000 0.000000 0.000000 0 3
908610.000000 0.000000 0.000000 0 4
786485.000000 0.000000 0.000000 0 6
899817.000000 0.000000 0.000000 0 12
816772.000000 0.000000 0.000000 0 11
722003.000000 0.000000 0.000000 0 9
820680.000000 0.000000 0.000000 0 10
883208.000000 0.000000 0.000000 0 8
797232.000000 0.000000 0.000000 0 7
0.000000 0.000000 576991273.431108 7 14
847059.000000 0.000000 0.000000 0 13
731773.000000 0.000000 0.000000 0 18
628211.000000 0.000000 0.000000 0 17
810910.000000 0.000000 0.000000 0 19
798209.000000 0.000000 0.000000 0 14
877346.000000 0.000000 0.000000 0 15
728842.000000 0.000000 0.000000 0 16
0.000000 0.000000 616463695.435414 10 17
677376.000000 0.000000 0.000000 1 2
789488.000000 0.000000 0.000000 1 3
0.000000 0.000000 546516799.112067 8 18
0.000000 0.000000 616446547.265726 10 18
0.000000 0.000000 574164202.003013 7 15
729120.000000 0.000000 0.000000 1 4
631120.000000 0.000000 0.000000 1 6
579376.000000 0.000000 0.000000 1 9
690704.000000 0.000000 0.000000 1 5
0.000000 0.000000 665948116.658094 8 14
639744.000000 0.000000 0.000000 1 7
708736.000000 0.000000 0.000000 1 8
0.000000 0.000000 785425122.060856 5 11
0.000000 0.000000 574643767.973390 8 9
679728.000000 0.000000 0.000000 1 13
658560.000000 0.000000 0.000000 1 10
0.000000 0.000000 641462296.714148 6 19
722064.000000 0.000000 0.000000 1 12
640528.000000 0.000000 0.000000 1 14
704032.000000 0.000000 0.000000 1 15
655424.000000 0.000000 0.000000 1 11
0.000000 0.000000 747479301.935420 10 15
0.000000 0.000000 747919442.418261 8 10
803520.000000 0.000000 0.000000 2 4
504112.000000 0.000000 0.000000 1 17
587216.000000 0.000000 0.000000 1 18
584864.000000 0.000000 0.000000 1 16
650720.000000 0.000000 0.000000 1 19
695520.000000 0.000000 0.000000 2 6
761184.000000 0.000000 0.000000 2 5
870048.000000 0.000000 0.000000 2 3
705888.000000 0.000000 0.000000 2 14
781056.000000 0.000000 0.000000 2 8
725760.000000 0.000000 0.000000 2 10
638496.000000 0.000000 0.000000 2 9
0.000000 0.000000 542189626.645152 6 7
775872.000000 0.000000 0.000000 2 15
795744.000000 0.000000 0.000000 2 12
722304.000000 0.000000 0.000000 2 11
749088.000000 0.000000 0.000000 2 13
705024.000000 0.000000 0.000000 2 7
647136.000000 0.000000 0.000000 2 18
555552.000000 0.000000 0.000000 2 17
0.000000 0.000000 662685186.257837 8 15
887167.000000 0.000000 0.000000 3 5
936510.000000 0.000000 0.000000 3 4
821712.000000 0.000000 0.000000 3 7
810635.000000 0.000000 0.000000 3 6
717120.000000 0.000000 0.000000 2 19
644544.000000 0.000000 0.000000 2 16
910328.000000 0.000000 0.000000 3 8
845880.000000 0.000000 0.000000 3 10
754243.000000 0.000000 0.000000 3 18
822719.000000 0.000000 0.000000 3 14
647501.000000 0.000000 0.000000 3 17
904286.000000 0.000000 0.000000 3 15
927447.000000 0.000000 0.000000 3 12
744173.000000 0.000000 0.000000 3 9
751222.000000 0.000000 0.000000 3 16
841852.000000 0.000000 0.000000 3 11
873069.000000 0.000000 0.000000 3 13
0.000000 0.000000 604219190.052329 7 16
0.000000 0.000000 697373861.035815 8 16
777480.000000 0.000000 0.000000 4 11
758880.000000 0.000000 0.000000 4 7
840720.000000 0.000000 0.000000 4 8
781200.000000 0.000000 0.000000 4 10
835810.000000 0.000000 0.000000 3 19
806310.000000 0.000000 0.000000 4 13
819330.000000 0.000000 0.000000 4 5
856530.000000 0.000000 0.000000 4 12
687270.000000 0.000000 0.000000 4 9
748650.000000 0.000000 0.000000 4 6
759810.000000 0.000000 0.000000 4 14
835140.000000 0.000000 0.000000 4 15
693780.000000 0.000000 0.000000 4 16
771900.000000 0.000000 0.000000 4 19
709205.000000 0.000000 0.000000 5 6
597990.000000 0.000000 0.000000 4 17
696570.000000 0.000000 0.000000 4 18
736516.000000 0.000000 0.000000 5 11
718896.000000 0.000000 0.000000 5 7
719777.000000 0.000000 0.000000 5 14
763827.000000 0.000000 0.000000 5 13
740040.000000 0.000000 0.000000 5 10
811401.000000 0.000000 0.000000 5 12
796424.000000 0.000000 0.000000 5 8
651059.000000 0.000000 0.000000 5 9
0.000000 0.000000 610825976.837469 5 18
566483.000000 0.000000 0.000000 5 17
594895.000000 0.000000 0.000000 6 9
656880.000000 0.000000 0.000000 6 7
727720.000000 0.000000 0.000000 6 8
676200.000000 0.000000 0.000000 6 10
722890.000000 0.000000 0.000000 6 15
741405.000000 0.000000 0.000000 6 12
657226.000000 0.000000 0.000000 5 16
672980.000000 0.000000 0.000000 6 11
657685.000000 0.000000 0.000000 6 14
659869.000000 0.000000 0.000000 5 18
697935.000000 0.000000 0.000000 6 13
791138.000000 0.000000 0.000000 5 15
731230.000000 0.000000 0.000000 5 19
0.000000 0.000000 588898628.294226 7 19
600530.000000 0.000000 0.000000 6 16
602945.000000 0.000000 0.000000 6 18
603024.000000 0.000000 0.000000 7 9
517615.000000 0.000000 0.000000 6 17
737664.000000 0.000000 0.000000 7 8
682176.000000 0.000000 0.000000 7 11
685440.000000 0.000000 0.000000 7 10
668150.000000 0.000000 0.000000 6 19
732768.000000 0.000000 0.000000 7 15
524688.000000 0.000000 0.000000 7 17
668056.000000 0.000000 0.000000 8 9
751536.000000 0.000000 0.000000 7 12
666672.000000 0.000000 0.000000 7 14
677280.000000 0.000000 0.000000 7 19
707472.000000 0.000000 0.000000 7 13
611184.000000 0.000000 0.000000 7 18
608736.000000 0.000000 0.000000 7 16
759360.000000 0.000000 0.000000 8 10
755744.000000 0.000000 0.000000 8 11
783768.000000 0.000000 0.000000 8 13
674384.000000 0.000000 0.000000 8 16
620760.000000 0.000000 0.000000 9 10
581272.000000 0.000000 0.000000 8 17
640713.000000 0.000000 0.000000 9 13
603763.000000 0.000000 0.000000 9 14
617804.000000 0.000000 0.000000 9 11
811792.000000 0.000000 0.000000 8 15
750320.000000 0.000000 0.000000 8 19
680619.000000 0.000000 0.000000 9 12
832584.000000 0.000000 0.000000 8 12
677096.000000 0.000000 0.000000 8 18
738568.000000 0.000000 0.000000 8 14
0.000000 0.000000 702733738.589887 8 11
754320.000000 0.000000 0.000000 10 15
728280.000000 0.000000 0.000000 10 13
475177.000000 0.000000 0.000000 9 17
553511.000000 0.000000 0.000000 9 18
702240.000000 0.000000 0.000000 10 11
773640.000000 0.000000 0.000000 10 12
663622.000000 0.000000 0.000000 9 15
613370.000000 0.000000 0.000000 9 19
551294.000000 0.000000 0.000000 9 16
686280.000000 0.000000 0.000000 10 14
0.000000 0.000000 609013040.080794 9 11
626640.000000 0.000000 0.000000 10 16
798507.000000 0.000000 0.000000 12 13
540120.000000 0.000000 0.000000 10 17
626164.000000 0.000000 0.000000 11 18
724812.000000 0.000000 0.000000 11 13
0.000000 0.000000 786606579.116089 10 16
693880.000000 0.000000 0.000000 11 19
629160.000000 0.000000 0.000000 10 18
623656.000000 0.000000 0.000000 11 16
697200.000000 0.000000 0.000000 10 19
537548.000000 0.000000 0.000000 11 17
769956.000000 0.000000 0.000000 11 12
683012.000000 0.000000 0.000000 11 14
750728.000000 0.000000 0.000000 11 15
708339.000000 0.000000 0.000000 13 14
649383.000000 0.000000 0.000000 13 18
557481.000000 0.000000 0.000000 13 17
764430.000000 0.000000 0.000000 12 19
778566.000000 0.000000 0.000000 13 15
592203.000000 0.000000 0.000000 12 17
687066.000000 0.000000 0.000000 12 16
689829.000000 0.000000 0.000000 12 18
646782.000000 0.000000 0.000000 13 16
752457.000000 0.000000 0.000000 12 14
827058.000000 0.000000 0.000000 12 15
0.000000 0.000000 648172513.782613 9 10
611933.000000 0.000000 0.000000 14 18
733666.000000 0.000000 0.000000 14 15
669908.000000 0.000000 0.000000 15 16
609482.000000 0.000000 0.000000 14 16
678110.000000 0.000000 0.000000 14 19
525331.000000 0.000000 0.000000 14 17
719610.000000 0.000000 0.000000 13 19
0.000000 0.000000 759671225.316034 5 19
577414.000000 0.000000 0.000000 15 17
621670.000000 0.000000 0.000000 18 19
558754.000000 0.000000 0.000000 16 18
479678.000000 0.000000 0.000000 16 17
745340.000000 0.000000 0.000000 15 19
481607.000000 0.000000 0.000000 17 18
672602.000000 0.000000 0.000000 15 18
533690.000000 0.000000 0.000000 17 19
619180.000000 0.000000 0.000000 16 19
0.000000 0.000000 748606994.640614 12 19
0.000000 0.000000 579219917.143648 11 17
0.000000 0.000000 579203804.516702 11 18
0.000000 0.000000 702320189.996379 11 15
0.000000 0.000000 628492120.664610 6 14
0.000000 0.000000 515792517.353580 6 17
0.000000 0.000000 705852999.144515 6 10
0.000000 0.000000 773985797.573544 11 12
0.000000 0.000000 603539269.654094 6 13
0.000000 0.000000 632908441.500018 9 12
0.000000 0.000000 705778275.816370 11 14
0.000000 0.000000 792652281.137506 10 11
0.000000 0.000000 729876616.036678 12 15
0.000000 0.000000 554083146.653371 7 13
0.000000 0.000000 658150334.949269 6 16
0.000000 0.000000 608863097.779073 7 11
0.000000 0.000000 663208746.699496 6 11
0.000000 0.000000 677756954.351794 11 13
0.000000 0.000000 542323147.794355 6 9
0.000000 0.000000 473526670.605018 7 17
0.000000 0.000000 589043654.265863 9 19
0.000000 0.000000 473513499.092954 7 18
0.000000 0.000000 473643284.390103 9 17
0.000000 0.000000 766661409.589931 10 19
0.000000 0.000000 632752616.973999 7 12
0.000000 0.000000 515778169.049779 6 18
0.000000 0.000000 823753001.486992 10 12
0.000000 0.000000 625412710.924042 6 15
0.000000 0.000000 648012930.132952 7 10
0.000000 0.000000 473630108.509932 9 18
0.000000 0.000000 577133367.356102 9 14
0.000000 0.000000 704349610.826440 12 13
0.000000 0.000000 574305599.339223 9 15
0.000000 0.000000 604367988.876978 9 16
0.000000 0.000000 497883289.765064 7 9
0.000000 0.000000 574502288.958881 7 8
0.000000 0.000000 720343405.727032 11 19
0.000000 0.000000 554219598.096423 9 13
0.000000 0.000000 642278779.660764 13 14
0.000000 0.000000 625780972.851408 6 8
0.000000 0.000000 751159744.295478 10 14
0.000000 0.000000 739083584.992801 11 16
0.000000 0.000000 721336654.237900 10 13
0.000000 0.000000 601929603.584730 12 18
0.000000 0.000000 601946346.609763 12 17
0.000000 0.000000 768082468.757949 12 16
0.000000 0.000000 639131819.625200 13 15
0.000000 0.000000 672587580.016405 13 16
0.000000 0.000000 733470385.818730 12 14
0.000000 0.000000 527106988.466509 13 17
0.000000 0.000000 655533471.723810 13 19
0.000000 0.000000 527092326.551389 13 18
0.000000 0.000000 682635981.260070 14 19
0.000000 0.000000 548899806.223243 14 17
0.000000 0.000000 700395178.485696 14 16
0.000000 0.000000 679291284.967881 15 19
0.000000 0.000000 548884538.752219 14 18
0.000000 0.000000 665556217.734090 14 15
0.000000 0.000000 546210375.995236 15 17
0.000000 0.000000 696963465.958710 15 16
0.000000 0.000000 546195181.122720 15 18
0.000000 0.000000 560227439.695962 17 19
0.000000 0.000000 714849217.821207 16 19
0.000000 0.000000 560211855.955647 18 19
0.000000 0.000000 450459964.305323 17 18
0.000000 0.000000 574786114.539696 16 18
0.000000 0.000000 574802102.857570 16 17
