442270.000000 0.000000 0.000000 0 0
283128.000000 0.000000 0.000000 1 1
350703.000000 0.000000 0.000000 2 2
457446.000000 0.000000 0.000000 4 4
440391.000000 0.000000 0.000000 3 3
363378.000000 0.000000 0.000000 14 14
329266.000000 0.000000 0.000000 5 5
354903.000000 0.000000 0.000000 13 13
222778.000000 0.000000 0.000000 17 17
345696.000000 0.000000 0.000000 11 11
387640.000000 0.000000 0.000000 8 8
372816.000000 0.000000 0.000000 12 12
303810.000000 0.000000 0.000000 9 9
309291.000000 0.000000 0.000000 7 7
365940.000000 0.000000 0.000000 15 15
321201.000000 0.000000 0.000000 10 10
320400.000000 0.000000 0.000000 19 19
306936.000000 0.000000 0.000000 6 6
287661.000000 0.000000 0.000000 16 16
297606.000000 0.000000 0.000000 18 18
0.000000 17603289.776503 0.000000 1 9
0.000000 20115123.554578 0.000000 2 13
0.000000 18563743.388995 0.000000 1 1
0.000000 18536523.712096 0.000000 1 8
0.000000 17325156.027042 0.000000 1 18
0.000000 20132137.032902 0.000000 1 16
0.000000 20471382.707868 0.000000 1 3
0.000000 18847455.339379 0.000000 1 19
0.000000 18290337.409050 0.000000 1 6
0.000000 21650692.989025 0.000000 0 18
0.000000 21460358.174881 0.000000 0 7
0.000000 19111349.788909 0.000000 2 7
0.000000 19590380.920525 0.000000 2 9
0.000000 18533974.758035 0.000000 1 15
0.000000 16639608.660184 0.000000 1 17
0.000000 20155279.946835 0.000000 1 5
0.000000 22856849.271198 0.000000 0 6
0.000000 20571495.969817 0.000000 1 11
0.000000 27001729.398328 0.000000 0 4
0.000000 24046173.470767 0.000000 2 4
0.000000 27840996.183435 0.000000 0 0
0.000000 25425858.715444 0.000000 0 10
0.000000 21998267.836222 0.000000 0 9
0.000000 26826730.270838 0.000000 0 2
0.000000 22430444.350954 0.000000 2 5
0.000000 22404689.023238 0.000000 2 16
0.000000 20628959.987564 0.000000 2 8
0.000000 25393103.681693 0.000000 0 12
0.000000 23198515.976531 0.000000 0 1
0.000000 22642794.477706 0.000000 2 10
0.000000 20659252.271658 0.000000 2 1
0.000000 22782229.361417 0.000000 2 3
0.000000 22203616.856504 0.000000 2 14
0.000000 18074806.726668 0.000000 1 13
0.000000 20626123.302904 0.000000 2 15
0.000000 21467085.965104 0.000000 1 2
0.000000 20354983.729702 0.000000 2 6
0.000000 23890329.401207 0.000000 2 2
0.000000 22278714.267424 0.000000 1 0
0.000000 23112088.044456 0.000000 3 15
0.000000 22893643.589738 0.000000 2 11
0.000000 25707540.117407 0.000000 0 11
0.000000 23553061.720246 0.000000 0 19
0.000000 22808269.357770 0.000000 3 6
0.000000 20793986.387588 0.000000 0 17
0.000000 20346090.980543 0.000000 1 10
0.000000 25187408.275944 0.000000 0 5
0.000000 23161315.069041 0.000000 0 15
0.000000 24793575.772004 0.000000 2 0
0.000000 23164500.415483 0.000000 0 8
0.000000 19280850.930066 0.000000 2 18
0.000000 22587507.475456 0.000000 0 13
0.000000 21607122.462586 0.000000 1 4
0.000000 20319879.991832 0.000000 1 12
0.000000 19951460.014967 0.000000 1 14
0.000000 17172847.722816 0.000000 1 7
0.000000 24932701.029190 0.000000 0 14
0.000000 20974990.139239 0.000000 2 19
0.000000 21951512.750480 0.000000 3 9
0.000000 24879709.103506 0.000000 3 14
0.000000 22613624.745227 0.000000 2 12
0.000000 25339133.216907 0.000000 3 12
0.000000 25582431.776895 0.000000 0 3
0.000000 23115266.620766 0.000000 3 8
0.000000 25158487.317409 0.000000 0 16
0.000000 18517917.739052 0.000000 2 17
0.000000 26944339.962841 0.000000 3 4
0.000000 26769712.778224 0.000000 3 2
0.000000 25528058.914458 0.000000 3 3
0.000000 21414746.361562 0.000000 3 7
0.000000 22539500.020682 0.000000 3 13
0.000000 23149209.885174 0.000000 3 1
0.000000 27781822.971563 0.000000 3 0
0.000000 25652901.349880 0.000000 3 11
0.000000 25133874.995847 0.000000 3 5
0.000000 25371818.633158 0.000000 3 10
0.000000 25105015.505871 0.000000 3 16
0.000000 20749790.879849 0.000000 3 17
0.000000 21604676.638365 0.000000 3 18
0.000000 22372308.522155 0.000000 4 9
0.000000 22971567.113651 0.000000 4 13
0.000000 23245488.578614 0.000000 4 6
0.000000 22018823.794300 0.000000 4 18
0.000000 23503002.077896 0.000000 3 19
0.000000 20018273.084020 0.000000 5 1
0.000000 23558370.773218 0.000000 4 8
0.000000 21912008.703012 0.000000 5 12
0.000000 21147550.449496 0.000000 4 17
0.000000 27460844.882221 0.000000 4 4
0.000000 22075382.149744 0.000000 5 3
0.000000 25586261.809707 0.000000 4 16
0.000000 21825252.681440 0.000000 4 7
0.000000 23953538.859043 0.000000 4 19
0.000000 18982564.805883 0.000000 5 9
0.000000 26144650.257628 0.000000 4 11
0.000000 24024324.017662 0.000000 5 0
0.000000 26017414.676386 0.000000 4 3
0.000000 19491026.642511 0.000000 5 13
0.000000 25858179.373734 0.000000 4 10
0.000000 21514721.822622 0.000000 5 14
0.000000 28314381.878415 0.000000 4 0
0.000000 22183339.611880 0.000000 5 11
0.000000 25356636.434655 0.000000 4 14
0.000000 23149101.997223 0.000000 5 2
0.000000 23555131.265722 0.000000 4 15
0.000000 27282870.211751 0.000000 4 2
0.000000 17943376.138450 0.000000 5 17
0.000000 23592964.707385 0.000000 4 1
0.000000 19988920.656244 0.000000 5 8
0.000000 21940273.407986 0.000000 5 10
0.000000 19296993.639105 0.000000 6 15
0.000000 19327987.805025 0.000000 6 1
0.000000 25615674.516719 0.000000 4 5
0.000000 25824867.399979 0.000000 4 12
0.000000 23284658.869256 0.000000 7 0
0.000000 22350857.100624 0.000000 6 2
0.000000 23300110.809441 0.000000 5 4
0.000000 21734511.709694 0.000000 5 5
0.000000 19116195.937311 0.000000 7 6
0.000000 19723444.855150 0.000000 5 6
0.000000 19986171.983297 0.000000 5 15
0.000000 20772834.863057 0.000000 6 14
0.000000 21156422.196012 0.000000 6 12
0.000000 18818922.275670 0.000000 6 13
0.000000 21418396.866495 0.000000 6 11
0.000000 18682638.371494 0.000000 5 18
0.000000 18518396.215751 0.000000 5 7
0.000000 20960950.111730 0.000000 6 16
0.000000 18327993.605499 0.000000 6 9
0.000000 17324639.030110 0.000000 6 17
0.000000 20324214.788693 0.000000 5 19
0.000000 21183712.255979 0.000000 6 10
0.000000 23195899.051447 0.000000 6 0
0.000000 17879830.829274 0.000000 6 7
0.000000 21709555.473253 0.000000 5 16
0.000000 21314162.075633 0.000000 6 3
0.000000 19623379.795798 0.000000 6 19
0.000000 22496658.712629 0.000000 6 4
0.000000 19299647.530208 0.000000 6 8
0.000000 20985045.788337 0.000000 6 5
0.000000 19043326.067170 0.000000 6 6
0.000000 18038409.462263 0.000000 6 18
0.000000 22436383.339545 0.000000 7 2
0.000000 21500355.017786 0.000000 7 11
0.000000 19401946.942060 0.000000 7 1
0.000000 17948248.549253 0.000000 7 7
0.000000 19373498.222283 0.000000 7 8
0.000000 21065345.708483 0.000000 7 5
0.000000 21395721.369288 0.000000 7 3
0.000000 22582742.865859 0.000000 7 4
0.000000 18398126.234112 0.000000 7 9
0.000000 21264772.379408 0.000000 7 10
0.000000 18890933.457832 0.000000 7 13
0.000000 21237377.893190 0.000000 7 12
0.000000 18107433.988252 0.000000 7 18
0.000000 20852322.751581 0.000000 7 14
0.000000 21041157.829036 0.000000 7 16
0.000000 19698469.259323 0.000000 7 19
0.000000 19370834.175982 0.000000 7 15
0.000000 17390932.291718 0.000000 7 17
0.000000 23804656.246859 0.000000 8 10
0.000000 23773989.738121 0.000000 8 12
0.000000 20595615.263971 0.000000 8 9
0.000000 21075632.091407 0.000000 9 10
0.000000 19201179.940774 0.000000 9 8
0.000000 20270202.469243 0.000000 8 18
0.000000 21719333.235828 0.000000 8 1
0.000000 24068377.091581 0.000000 8 11
0.000000 21205416.350760 0.000000 9 3
0.000000 21147283.832226 0.000000 8 13
0.000000 19229375.622311 0.000000 9 1
0.000000 19468121.155431 0.000000 8 17
0.000000 23554332.971290 0.000000 8 16
0.000000 25280046.333730 0.000000 8 4
0.000000 25116205.492412 0.000000 8 2
0.000000 18946166.240316 0.000000 9 6
0.000000 21687486.573977 0.000000 8 8
0.000000 21684504.331486 0.000000 8 15
0.000000 20877979.228143 0.000000 9 5
0.000000 23951245.903801 0.000000 8 3
0.000000 22051272.449756 0.000000 8 19
0.000000 26065799.827261 0.000000 8 0
0.000000 23342943.258693 0.000000 8 14
0.000000 23581409.873037 0.000000 8 5
0.000000 17946376.760944 0.000000 9 18
0.000000 23077552.627702 0.000000 9 0
0.000000 22864014.534152 0.000000 10 2
0.000000 17788607.202634 0.000000 9 7
0.000000 18748789.377175 0.000000 10 9
0.000000 20092003.775286 0.000000 8 7
0.000000 19523260.511099 0.000000 9 19
0.000000 21399451.868385 0.000000 8 6
0.000000 21466845.309209 0.000000 10 5
0.000000 17236248.014633 0.000000 9 17
0.000000 21442196.415566 0.000000 10 16
0.000000 18234483.434016 0.000000 9 9
0.000000 22236822.115396 0.000000 9 2
0.000000 19250989.368639 0.000000 10 13
0.000000 20666851.011690 0.000000 9 14
0.000000 23013163.632008 0.000000 10 4
0.000000 22381879.841656 0.000000 9 4
0.000000 20073916.576945 0.000000 10 19
0.000000 19198539.589934 0.000000 9 15
0.000000 18452556.618197 0.000000 10 18
0.000000 19480545.288014 0.000000 10 6
0.000000 21048481.266440 0.000000 9 12
0.000000 18290337.149152 0.000000 10 7
0.000000 21249762.194206 0.000000 10 14
0.000000 19742751.682660 0.000000 10 8
0.000000 17722398.599757 0.000000 10 17
0.000000 18722907.366122 0.000000 9 13
0.000000 23728457.958299 0.000000 10 0
0.000000 21309119.331439 0.000000 9 11
0.000000 19771742.627236 0.000000 10 1
0.000000 21803517.837561 0.000000 10 3
0.000000 22619110.774108 0.000000 11 3
0.000000 20854006.488656 0.000000 9 16
0.000000 21910145.774242 0.000000 10 11
0.000000 19740036.860371 0.000000 10 15
0.000000 24616056.136386 0.000000 11 0
0.000000 21670072.996555 0.000000 10 10
0.000000 21642156.379083 0.000000 10 12
0.000000 23874005.164308 0.000000 11 4
0.000000 20209243.989421 0.000000 11 6
0.000000 23719276.923365 0.000000 11 2
0.000000 18974514.348950 0.000000 11 7
0.000000 22269844.510663 0.000000 11 5
0.000000 20511333.997587 0.000000 11 1
0.000000 20481258.603413 0.000000 11 8
0.000000 19450115.663300 0.000000 11 9
0.000000 19971101.190255 0.000000 11 13
0.000000 20478442.229149 0.000000 11 15
0.000000 22729727.287156 0.000000 11 11
0.000000 22044641.079454 0.000000 11 14
0.000000 22244273.588626 0.000000 11 16
0.000000 20824811.212190 0.000000 11 19
0.000000 22451713.350870 0.000000 11 12
0.000000 22480674.230847 0.000000 11 10
0.000000 18385331.215836 0.000000 11 17
0.000000 24631556.805192 0.000000 12 2
0.000000 19142801.878088 0.000000 11 18
0.000000 20198197.035167 0.000000 12 9
0.000000 22892511.890386 0.000000 12 14
0.000000 24189647.059484 0.000000 13 4
0.000000 21625765.489784 0.000000 12 19
0.000000 23603947.567597 0.000000 12 11
0.000000 20476433.513270 0.000000 13 6
0.000000 19879063.488638 0.000000 12 18
0.000000 23489076.573091 0.000000 12 3
0.000000 20986522.604254 0.000000 12 6
0.000000 21268999.318883 0.000000 12 8
0.000000 23126376.992213 0.000000 12 5
0.000000 19092459.339653 0.000000 12 17
0.000000 24792236.132093 0.000000 12 4
0.000000 25562827.526346 0.000000 12 0
0.000000 23315240.787442 0.000000 12 12
0.000000 20739220.466644 0.000000 12 13
0.000000 19704303.362067 0.000000 12 7
0.000000 20782517.500049 0.000000 13 1
0.000000 23099822.573223 0.000000 12 16
0.000000 21266074.622512 0.000000 12 15
0.000000 22918161.517509 0.000000 13 3
0.000000 22564277.551196 0.000000 13 5
0.000000 24032873.132743 0.000000 13 2
0.000000 23345315.547426 0.000000 12 10
0.000000 21300231.459295 0.000000 12 1
0.000000 20749190.864367 0.000000 13 15
0.000000 25237374.861047 0.000000 14 0
0.000000 20752044.474356 0.000000 13 8
0.000000 20235142.191514 0.000000 13 13
0.000000 23030240.508557 0.000000 13 11
0.000000 21100139.245113 0.000000 13 19
0.000000 24476594.236917 0.000000 14 4
0.000000 19395891.806715 0.000000 13 18
0.000000 21029047.956833 0.000000 14 1
0.000000 24941508.801685 0.000000 13 0
0.000000 22538368.552081 0.000000 13 16
0.000000 19225379.322209 0.000000 13 7
0.000000 22748550.907191 0.000000 13 12
0.000000 22831943.951680 0.000000 14 5
0.000000 19707268.634879 0.000000 13 9
0.000000 19941044.063588 0.000000 14 9
0.000000 24317960.595814 0.000000 14 2
0.000000 18628406.508398 0.000000 13 17
0.000000 23190025.829691 0.000000 14 3
0.000000 19453438.388808 0.000000 14 7
0.000000 20995325.987293 0.000000 14 15
0.000000 20998213.447940 0.000000 14 8
0.000000 24562678.390147 0.000000 15 4
0.000000 22777894.683421 0.000000 13 10
0.000000 23018403.231120 0.000000 14 12
0.000000 20719333.080405 0.000000 14 6
0.000000 23303434.346195 0.000000 14 11
0.000000 18849384.047091 0.000000 14 17
0.000000 21350437.456861 0.000000 14 19
0.000000 23271585.123345 0.000000 15 3
0.000000 22805727.609767 0.000000 14 16
0.000000 20475179.465385 0.000000 14 13
0.000000 22336096.670712 0.000000 13 14
0.000000 25326134.678856 0.000000 15 0
0.000000 19625973.560012 0.000000 14 18
0.000000 24403486.834735 0.000000 15 2
0.000000 21103007.093868 0.000000 15 1
0.000000 23048095.094852 0.000000 14 10
0.000000 22601056.299128 0.000000 14 14
0.000000 22912243.871826 0.000000 15 5
0.000000 20792202.950546 0.000000 15 6
0.000000 23129155.218281 0.000000 15 10
0.000000 19521856.108788 0.000000 15 7
0.000000 23385392.497486 0.000000 15 11
0.000000 21072064.140016 0.000000 15 8
0.000000 20011176.692200 0.000000 15 9
0.000000 23099358.928299 0.000000 15 12
0.000000 22885935.327073 0.000000 15 16
0.000000 20547190.647547 0.000000 15 13
0.000000 21069166.524171 0.000000 15 15
0.000000 22456233.903042 0.000000 16 0
0.000000 18915677.308699 0.000000 15 17
0.000000 18684225.096247 0.000000 16 8
0.000000 22680544.187653 0.000000 15 14
0.000000 20634501.295178 0.000000 16 3
0.000000 19763852.762845 0.000000 17 0
0.000000 20508211.227402 0.000000 16 10
0.000000 20110435.792016 0.000000 16 14
0.000000 18436077.149331 0.000000 16 6
0.000000 16034489.898536 0.000000 17 13
0.000000 19694998.086001 0.000000 15 18
0.000000 18997634.266428 0.000000 16 19
0.000000 17880115.542717 0.000000 17 5
0.000000 20735412.272400 0.000000 16 11
0.000000 17463205.079021 0.000000 16 18
0.000000 16225691.088266 0.000000 17 6
0.000000 21425526.920386 0.000000 15 19
0.000000 16444087.436618 0.000000 17 8
0.000000 17743555.033728 0.000000 16 9
0.000000 15616198.632774 0.000000 17 9
0.000000 20292552.467514 0.000000 16 16
0.000000 18681655.831790 0.000000 16 15
0.000000 17309683.162775 0.000000 16 7
0.000000 16772195.183379 0.000000 16 17
0.000000 18249348.349897 0.000000 17 11
0.000000 18026135.238438 0.000000 17 12
0.000000 18218829.090991 0.000000 16 13
0.000000 19043842.529001 0.000000 17 2
0.000000 20481791.386190 0.000000 16 12
0.000000 15234345.656013 0.000000 17 7
0.000000 21779290.769046 0.000000 16 4
0.000000 20315879.787126 0.000000 16 5
0.000000 18160536.054319 0.000000 17 3
0.000000 16468234.506488 0.000000 17 1
0.000000 21638138.442947 0.000000 16 2
0.000000 16719920.539540 0.000000 17 19
0.000000 20640119.242507 0.000000 18 16
0.000000 18049387.483381 0.000000 17 10
0.000000 19323021.941700 0.000000 18 19
0.000000 18711661.663065 0.000000 16 1
0.000000 19001631.491594 0.000000 18 15
0.000000 19168071.454405 0.000000 17 4
0.000000 17699303.173430 0.000000 17 14
0.000000 16441826.213108 0.000000 17 15
0.000000 14761299.581585 0.000000 17 17
0.000000 18047463.091049 0.000000 18 9
0.000000 15369461.123802 0.000000 17 18
0.000000 17859585.042567 0.000000 17 16
0.000000 20859471.762262 0.000000 18 10
0.000000 17606159.949354 0.000000 18 7
0.000000 22840859.780213 0.000000 18 0
0.000000 21090564.261329 0.000000 18 11
0.000000 22008752.144939 0.000000 18 2
0.000000 19032151.256884 0.000000 18 1
0.000000 19747089.581557 0.000000 19 1
0.000000 22152322.099709 0.000000 18 4
0.000000 17059465.983679 0.000000 18 17
0.000000 23698871.352363 0.000000 19 0
0.000000 20832599.407297 0.000000 18 12
0.000000 20987924.901015 0.000000 18 3
0.000000 18751846.586608 0.000000 18 6
0.000000 21440078.669161 0.000000 19 5
0.000000 18530877.547024 0.000000 18 13
0.000000 19004244.761906 0.000000 18 8
0.000000 17762311.358307 0.000000 18 18
0.000000 20663846.107756 0.000000 18 5
0.000000 20454883.308957 0.000000 18 14
0.000000 22984468.914265 0.000000 19 4
0.000000 22835505.787845 0.000000 19 2
0.000000 21776331.406343 0.000000 19 3
0.000000 19718134.785301 0.000000 19 8
0.000000 19456255.331301 0.000000 19 6
0.000000 21615171.146690 0.000000 19 12
0.000000 21415460.509798 0.000000 19 16
0.000000 21882826.390479 0.000000 19 11
0.000000 18725411.834304 0.000000 19 9
0.000000 18267531.242492 0.000000 19 7
0.000000 19226985.641252 0.000000 19 13
0.000000 21643052.955412 0.000000 19 10
0.000000 21223266.231364 0.000000 19 14
0.000000 19715423.348079 0.000000 19 15
0.000000 18429548.442868 0.000000 19 18
0.000000 17700300.845888 0.000000 19 17
0.000000 20048886.755770 0.000000 19 19
0.000000 0.000000 313238089.322600 19 19
0.000000 0.000000 264681212.864739 18 18
0.000000 0.000000 437673073.081320 0 0
0.000000 0.000000 302904690.132725 15 15
0.000000 0.000000 273247702.304724 9 9
0.000000 0.000000 288082251.348875 13 13
0.000000 0.000000 358217591.870813 5 5
0.000000 0.000000 244148932.251755 17 17
0.000000 0.000000 365032276.783656 10 10
0.000000 0.000000 303878802.213535 1 1
0.000000 0.000000 406364638.415712 2 2
0.000000 0.000000 357395574.068881 16 16
0.000000 0.000000 364092583.119336 12 12
0.000000 0.000000 294993779.918215 6 6
0.000000 0.000000 260048080.152537 7 7
0.000000 0.000000 373165170.689296 11 11
0.000000 0.000000 351009461.343161 14 14
0.000000 0.000000 369542113.620207 3 3
0.000000 0.000000 302988040.219151 8 8
0.000000 0.000000 411683476.776645 4 4
0.000000 0.000000 680733817.848888 0 18
0.000000 0.000000 617061324.366321 1 19
0.000000 0.000000 674749373.787975 0 7
0.000000 0.000000 728330442.759627 0 8
0.000000 0.000000 673506014.616632 1 11
0.000000 0.000000 606798042.670253 1 15
0.000000 0.000000 791934031.652552 0 5
0.000000 0.000000 680471513.075952 3 19
0.000000 0.000000 718657377.865458 0 6
0.000000 0.000000 670228330.066369 1 3
0.000000 0.000000 798401436.740938 0 12
0.000000 0.000000 669153559.652114 3 15
0.000000 0.000000 620011213.913012 3 7
0.000000 0.000000 655934233.889760 2 18
0.000000 0.000000 625510175.623326 3 18
0.000000 0.000000 650167807.503004 2 7
0.000000 0.000000 659121505.861256 1 16
0.000000 0.000000 740547454.709568 0 19
0.000000 0.000000 653206181.701697 1 14
0.000000 0.000000 600759065.509986 3 17
0.000000 0.000000 635551961.054351 3 9
0.000000 0.000000 666126308.402274 1 10
0.000000 0.000000 726853862.495881 3 16
0.000000 0.000000 660357237.985790 3 6
0.000000 0.000000 742716546.772154 3 11
0.000000 0.000000 791024709.143101 0 16
0.000000 0.000000 702827426.139578 1 2
0.000000 0.000000 653797536.104295 0 17
0.000000 0.000000 669245587.229782 3 8
0.000000 0.000000 728230289.967264 0 15
0.000000 0.000000 720330670.897690 3 14
0.000000 0.000000 629979259.434520 2 17
0.000000 0.000000 843477044.171616 0 2
0.000000 0.000000 591764988.216932 1 13
0.000000 0.000000 734578490.630283 3 10
0.000000 0.000000 654409054.693615 4 7
0.000000 0.000000 562235059.214477 1 7
0.000000 0.000000 598821412.857600 1 6
0.000000 0.000000 713568821.090168 2 19
0.000000 0.000000 701700378.000849 2 15
0.000000 0.000000 696993452.414667 4 6
0.000000 0.000000 666464437.930364 2 9
0.000000 0.000000 544776935.196652 1 17
0.000000 0.000000 606881495.600659 1 8
0.000000 0.000000 710188822.691037 0 13
0.000000 0.000000 848979306.358981 0 4
0.000000 0.000000 763083351.487267 2 5
0.000000 0.000000 783925611.173513 0 14
0.000000 0.000000 775051069.581727 2 3
0.000000 0.000000 652575683.617944 3 13
0.000000 0.000000 769315145.351137 2 12
0.000000 0.000000 659879199.239922 1 5
0.000000 0.000000 707412187.264656 1 4
0.000000 0.000000 808287841.769864 0 11
0.000000 0.000000 762207154.118417 2 16
0.000000 0.000000 818050427.903139 2 4
0.000000 0.000000 684316173.879409 2 13
0.000000 0.000000 692476214.275074 2 6
0.000000 0.000000 770307497.754327 2 10
0.000000 0.000000 691662149.426185 0 9
0.000000 0.000000 567221597.285395 1 18
0.000000 0.000000 576327631.570618 1 9
0.000000 0.000000 778841380.374685 2 11
0.000000 0.000000 733632165.004515 3 12
0.000000 0.000000 804354228.009419 0 3
0.000000 0.000000 768061181.023734 4 5
0.000000 0.000000 755366682.354783 2 14
0.000000 0.000000 729399947.605356 0 1
0.000000 0.000000 701796881.566934 2 8
0.000000 0.000000 799431308.766462 0 10
0.000000 0.000000 727689418.563088 3 5
0.000000 0.000000 670811993.824053 4 9
0.000000 0.000000 665268167.120674 1 12
0.000000 0.000000 706374921.533924 4 8
0.000000 0.000000 780106970.498938 3 4
0.000000 0.000000 775332453.542345 4 10
0.000000 0.000000 706277788.671633 4 15
0.000000 0.000000 718223652.933571 4 19
0.000000 0.000000 688780182.186316 4 13
0.000000 0.000000 660213097.156950 4 18
0.000000 0.000000 760294175.139799 4 14
0.000000 0.000000 783922005.450952 4 11
0.000000 0.000000 634088809.444789 4 17
0.000000 0.000000 774333627.226158 4 12
0.000000 0.000000 767179268.562087 4 16
0.000000 0.000000 642499130.915060 5 13
0.000000 0.000000 625738275.021004 5 9
0.000000 0.000000 610437494.141274 5 7
0.000000 0.000000 723235713.890694 5 10
0.000000 0.000000 658911630.276780 5 8
0.000000 0.000000 658821023.521380 5 15
0.000000 0.000000 722304002.717548 5 12
0.000000 0.000000 709207899.519824 5 14
0.000000 0.000000 731248111.338712 5 11
0.000000 0.000000 715630365.159260 5 16
708573.000000 0.000000 0.000000 0 1
788558.000000 0.000000 0.000000 0 2
883599.000000 0.000000 0.000000 0 3
900537.000000 0.000000 0.000000 0 4
0.000000 0.000000 650160528.293383 5 6
764092.000000 0.000000 0.000000 0 5
737744.000000 0.000000 0.000000 0 6
740567.000000 0.000000 0.000000 0 7
829021.000000 0.000000 0.000000 0 8
733980.000000 0.000000 0.000000 0 9
754682.000000 0.000000 0.000000 0 10
782912.000000 0.000000 0.000000 0 11
813024.000000 0.000000 0.000000 0 12
793263.000000 0.000000 0.000000 0 13
802673.000000 0.000000 0.000000 0 14
805496.000000 0.000000 0.000000 0 15
714219.000000 0.000000 0.000000 0 16
628588.000000 0.000000 0.000000 0 17
726452.000000 0.000000 0.000000 0 18
0.000000 0.000000 669964212.932881 5 19
753741.000000 0.000000 0.000000 0 19
631014.000000 0.000000 0.000000 1 2
720621.000000 0.000000 0.000000 1 4
707067.000000 0.000000 0.000000 1 3
0.000000 0.000000 536753485.047944 6 17
611436.000000 0.000000 0.000000 1 5
592611.000000 0.000000 0.000000 1 7
590352.000000 0.000000 0.000000 1 6
663393.000000 0.000000 0.000000 1 8
587340.000000 0.000000 0.000000 1 9
626496.000000 0.000000 0.000000 1 11
603906.000000 0.000000 0.000000 1 10
650592.000000 0.000000 0.000000 1 12
634779.000000 0.000000 0.000000 1 13
644568.000000 0.000000 0.000000 1 15
571527.000000 0.000000 0.000000 1 16
642309.000000 0.000000 0.000000 1 14
503004.000000 0.000000 0.000000 1 17
581316.000000 0.000000 0.000000 1 18
603153.000000 0.000000 0.000000 1 19
786882.000000 0.000000 0.000000 2 3
801966.000000 0.000000 0.000000 2 4
680456.000000 0.000000 0.000000 2 5
656992.000000 0.000000 0.000000 2 6
659506.000000 0.000000 0.000000 2 7
0.000000 0.000000 591482622.828915 5 17
738278.000000 0.000000 0.000000 2 8
0.000000 0.000000 558867582.170282 6 18
0.000000 0.000000 583049499.849724 6 13
0.000000 0.000000 616216535.858079 7 10
697216.000000 0.000000 0.000000 2 11
672076.000000 0.000000 0.000000 2 10
0.000000 0.000000 597861147.842330 6 15
653640.000000 0.000000 0.000000 2 9
0.000000 0.000000 649413993.742853 6 16
0.000000 0.000000 663586648.450701 6 11
724032.000000 0.000000 0.000000 2 12
714814.000000 0.000000 0.000000 2 14
717328.000000 0.000000 0.000000 2 15
706434.000000 0.000000 0.000000 2 13
636042.000000 0.000000 0.000000 2 16
646936.000000 0.000000 0.000000 2 18
671238.000000 0.000000 0.000000 2 19
762468.000000 0.000000 0.000000 3 5
559784.000000 0.000000 0.000000 2 17
898623.000000 0.000000 0.000000 3 4
753078.000000 0.000000 0.000000 3 10
736176.000000 0.000000 0.000000 3 6
827259.000000 0.000000 0.000000 3 8
732420.000000 0.000000 0.000000 3 9
738993.000000 0.000000 0.000000 3 7
781248.000000 0.000000 0.000000 3 11
803784.000000 0.000000 0.000000 3 15
811296.000000 0.000000 0.000000 3 12
800967.000000 0.000000 0.000000 3 14
791577.000000 0.000000 0.000000 3 13
712701.000000 0.000000 0.000000 3 16
0.000000 0.000000 615851546.679976 5 18
627252.000000 0.000000 0.000000 3 17
750288.000000 0.000000 0.000000 4 6
777084.000000 0.000000 0.000000 4 5
724908.000000 0.000000 0.000000 3 18
752139.000000 0.000000 0.000000 3 19
0.000000 0.000000 655470127.078094 6 12
0.000000 0.000000 567839503.489360 6 9
753159.000000 0.000000 0.000000 4 7
0.000000 0.000000 656315630.322059 6 10
796224.000000 0.000000 0.000000 4 11
843117.000000 0.000000 0.000000 4 8
767514.000000 0.000000 0.000000 4 10
746460.000000 0.000000 0.000000 4 9
806751.000000 0.000000 0.000000 4 13
826848.000000 0.000000 0.000000 4 12
0.000000 0.000000 643585791.314490 6 14
0.000000 0.000000 547426765.979715 7 13
816321.000000 0.000000 0.000000 4 14
639276.000000 0.000000 0.000000 4 17
738804.000000 0.000000 0.000000 4 18
819192.000000 0.000000 0.000000 4 15
726363.000000 0.000000 0.000000 4 16
684516.000000 0.000000 0.000000 5 13
675584.000000 0.000000 0.000000 5 11
639044.000000 0.000000 0.000000 5 7
715372.000000 0.000000 0.000000 5 8
651224.000000 0.000000 0.000000 5 10
633360.000000 0.000000 0.000000 5 9
636608.000000 0.000000 0.000000 5 6
692636.000000 0.000000 0.000000 5 14
766557.000000 0.000000 0.000000 4 19
701568.000000 0.000000 0.000000 5 12
617008.000000 0.000000 0.000000 6 7
0.000000 0.000000 533146061.094646 7 9
616308.000000 0.000000 0.000000 5 16
542416.000000 0.000000 0.000000 5 17
626864.000000 0.000000 0.000000 5 18
690704.000000 0.000000 0.000000 6 8
695072.000000 0.000000 0.000000 5 15
650412.000000 0.000000 0.000000 5 19
0.000000 0.000000 607973272.602073 6 19
0.000000 0.000000 652248396.285766 8 14
595056.000000 0.000000 0.000000 6 16
652288.000000 0.000000 0.000000 6 11
677376.000000 0.000000 0.000000 6 12
668752.000000 0.000000 0.000000 6 14
523712.000000 0.000000 0.000000 6 17
660912.000000 0.000000 0.000000 6 13
0.000000 0.000000 615422691.100161 7 12
671104.000000 0.000000 0.000000 6 15
605248.000000 0.000000 0.000000 6 18
611520.000000 0.000000 0.000000 6 9
628768.000000 0.000000 0.000000 6 10
0.000000 0.000000 605908305.594953 8 15
0.000000 0.000000 623043315.447067 7 11
679968.000000 0.000000 0.000000 7 12
663441.000000 0.000000 0.000000 7 13
631174.000000 0.000000 0.000000 7 10
671311.000000 0.000000 0.000000 7 14
693347.000000 0.000000 0.000000 7 8
627984.000000 0.000000 0.000000 6 19
654784.000000 0.000000 0.000000 7 11
613860.000000 0.000000 0.000000 7 9
588508.000000 0.000000 0.000000 8 17
607564.000000 0.000000 0.000000 7 18
742683.000000 0.000000 0.000000 8 13
525716.000000 0.000000 0.000000 7 17
761184.000000 0.000000 0.000000 8 12
706562.000000 0.000000 0.000000 8 10
597333.000000 0.000000 0.000000 7 16
751493.000000 0.000000 0.000000 8 14
668679.000000 0.000000 0.000000 8 16
673672.000000 0.000000 0.000000 7 15
630387.000000 0.000000 0.000000 7 19
732992.000000 0.000000 0.000000 8 11
754136.000000 0.000000 0.000000 8 15
687180.000000 0.000000 0.000000 8 9
0.000000 0.000000 570827765.527362 7 19
705681.000000 0.000000 0.000000 8 19
648960.000000 0.000000 0.000000 9 11
592020.000000 0.000000 0.000000 9 16
657540.000000 0.000000 0.000000 9 13
673920.000000 0.000000 0.000000 9 12
667680.000000 0.000000 0.000000 9 15
680132.000000 0.000000 0.000000 8 18
625560.000000 0.000000 0.000000 9 10
665340.000000 0.000000 0.000000 9 14
0.000000 0.000000 543978138.316363 8 17
0.000000 0.000000 658155048.288755 8 16
521040.000000 0.000000 0.000000 9 17
692928.000000 0.000000 0.000000 10 12
642402.000000 0.000000 0.000000 10 19
619144.000000 0.000000 0.000000 10 18
684106.000000 0.000000 0.000000 10 14
535736.000000 0.000000 0.000000 10 17
686512.000000 0.000000 0.000000 10 15
602160.000000 0.000000 0.000000 9 18
676086.000000 0.000000 0.000000 10 13
624780.000000 0.000000 0.000000 9 19
667264.000000 0.000000 0.000000 10 11
718848.000000 0.000000 0.000000 11 12
701376.000000 0.000000 0.000000 11 13
608718.000000 0.000000 0.000000 10 16
0.000000 0.000000 616156537.224910 8 19
642304.000000 0.000000 0.000000 11 18
736992.000000 0.000000 0.000000 12 14
631488.000000 0.000000 0.000000 11 16
555776.000000 0.000000 0.000000 11 17
655776.000000 0.000000 0.000000 12 16
728352.000000 0.000000 0.000000 12 13
712192.000000 0.000000 0.000000 11 15
577152.000000 0.000000 0.000000 12 17
666432.000000 0.000000 0.000000 11 19
709696.000000 0.000000 0.000000 11 14
739584.000000 0.000000 0.000000 12 15
0.000000 0.000000 590897292.977041 8 13
569804.000000 0.000000 0.000000 14 17
639837.000000 0.000000 0.000000 13 16
683253.000000 0.000000 0.000000 14 19
650796.000000 0.000000 0.000000 13 18
563124.000000 0.000000 0.000000 13 17
721608.000000 0.000000 0.000000 13 15
647427.000000 0.000000 0.000000 14 16
658516.000000 0.000000 0.000000 14 18
649704.000000 0.000000 0.000000 15 16
692064.000000 0.000000 0.000000 12 19
719079.000000 0.000000 0.000000 13 14
667008.000000 0.000000 0.000000 12 18
675243.000000 0.000000 0.000000 13 19
730168.000000 0.000000 0.000000 14 15
0.000000 0.000000 503959312.342841 7 17
0.000000 0.000000 664292695.721188 8 12
535068.000000 0.000000 0.000000 17 19
515696.000000 0.000000 0.000000 17 18
618372.000000 0.000000 0.000000 18 19
607959.000000 0.000000 0.000000 16 19
571808.000000 0.000000 0.000000 15 17
685656.000000 0.000000 0.000000 15 19
585948.000000 0.000000 0.000000 16 18
507012.000000 0.000000 0.000000 16 17
660832.000000 0.000000 0.000000 15 18
0.000000 0.000000 553954486.232437 6 7
0.000000 0.000000 524722299.138978 7 18
0.000000 0.000000 676306797.775873 10 19
0.000000 0.000000 566389891.453734 8 18
0.000000 0.000000 561148165.472406 9 13
0.000000 0.000000 561333463.977012 7 15
0.000000 0.000000 630848426.490048 9 12
0.000000 0.000000 665149579.824348 8 10
0.000000 0.000000 638660064.758330 9 11
0.000000 0.000000 585135717.492553 9 19
0.000000 0.000000 631662170.280206 9 10
0.000000 0.000000 628569170.972915 11 18
0.000000 0.000000 575482572.895955 8 9
0.000000 0.000000 665058114.240623 10 15
0.000000 0.000000 604264455.528956 7 14
0.000000 0.000000 603697018.363393 11 17
0.000000 0.000000 672518465.477816 8 11
0.000000 0.000000 537874605.238347 9 18
0.000000 0.000000 575403439.128847 9 15
0.000000 0.000000 561410663.935847 7 8
0.000000 0.000000 722405272.526842 10 16
0.000000 0.000000 597082218.667493 10 17
0.000000 0.000000 609736570.506733 7 16
0.000000 0.000000 597943371.040501 6 8
0.000000 0.000000 620880958.539005 12 18
0.000000 0.000000 683799289.918543 11 19
0.000000 0.000000 621681843.679069 10 18
0.000000 0.000000 516591187.871056 9 17
0.000000 0.000000 655767040.415526 11 13
0.000000 0.000000 596313022.657631 12 17
0.000000 0.000000 730408469.066385 11 16
0.000000 0.000000 672425988.455590 11 15
0.000000 0.000000 619410507.078048 9 14
0.000000 0.000000 625019782.356486 9 16
0.000000 0.000000 675435540.430990 12 19
0.000000 0.000000 723853376.393733 11 14
0.000000 0.000000 664201349.901126 12 15
0.000000 0.000000 715922006.416237 10 14
0.000000 0.000000 721474630.280907 12 16
0.000000 0.000000 714999714.983581 12 14
0.000000 0.000000 648581701.247501 10 13
0.000000 0.000000 641761392.663160 13 16
0.000000 0.000000 738170873.090083 10 11
0.000000 0.000000 729142089.812350 10 12
0.000000 0.000000 737219918.774858 11 12
0.000000 0.000000 590816039.165341 13 15
0.000000 0.000000 647746161.853848 12 13
0.000000 0.000000 636001869.081909 13 14
0.000000 0.000000 600809003.402081 13 19
0.000000 0.000000 530428460.263021 13 17
0.000000 0.000000 616071810.711099 15 19
0.000000 0.000000 663189211.201218 14 19
0.000000 0.000000 552281969.120608 13 18
0.000000 0.000000 708393565.169476 14 16
0.000000 0.000000 553102828.141250 17 19
0.000000 0.000000 543903337.394035 15 17
0.000000 0.000000 658064544.416756 15 16
0.000000 0.000000 585501264.788751 14 17
0.000000 0.000000 669194940.586173 16 19
0.000000 0.000000 615144408.087349 16 18
0.000000 0.000000 575890513.629688 18 19
0.000000 0.000000 508428995.544680 17 18
0.000000 0.000000 609623758.517214 14 18
0.000000 0.000000 566312006.026273 15 18
0.000000 0.000000 652158706.522807 14 15
0.000000 0.000000 590803465.160983 16 17
