326836.000000 0.000000 0.000000 0 0
246753.000000 0.000000 0.000000 8 8
169071.000000 0.000000 0.000000 9 9
270480.000000 0.000000 0.000000 13 13
318801.000000 0.000000 0.000000 2 2
283128.000000 0.000000 0.000000 12 12
241165.000000 0.000000 0.000000 6 6
241165.000000 0.000000 0.000000 6 6
246753.000000 0.000000 0.000000 8 8
419986.000000 0.000000 0.000000 4 4
269011.000000 0.000000 0.000000 3 3
270480.000000 0.000000 0.000000 13 13
269011.000000 0.000000 0.000000 3 3
241165.000000 0.000000 0.000000 6 6
166753.000000 0.000000 0.000000 14 14
190653.000000 0.000000 0.000000 16 16
269011.000000 0.000000 0.000000 3 3
169071.000000 0.000000 0.000000 9 9
266085.000000 0.000000 0.000000 19 19
289941.000000 0.000000 0.000000 5 5
289941.000000 0.000000 0.000000 5 5
190653.000000 0.000000 0.000000 16 16
378885.000000 0.000000 0.000000 1 1
363378.000000 0.000000 0.000000 18 18
169071.000000 0.000000 0.000000 9 9
266085.000000 0.000000 0.000000 19 19
230181.000000 0.000000 0.000000 7 7
378885.000000 0.000000 0.000000 1 1
289941.000000 0.000000 0.000000 5 5
191271.000000 0.000000 0.000000 15 15
270480.000000 0.000000 0.000000 13 13
166753.000000 0.000000 0.000000 14 14
246753.000000 0.000000 0.000000 8 8
195000.000000 0.000000 0.000000 17 17
195000.000000 0.000000 0.000000 17 17
230181.000000 0.000000 0.000000 7 7
419986.000000 0.000000 0.000000 4 4
283128.000000 0.000000 0.000000 12 12
202566.000000 0.000000 0.000000 10 10
378885.000000 0.000000 0.000000 1 1
318801.000000 0.000000 0.000000 2 2
363378.000000 0.000000 0.000000 18 18
190653.000000 0.000000 0.000000 16 16
191271.000000 0.000000 0.000000 15 15
218130.000000 0.000000 0.000000 11 11
191271.000000 0.000000 0.000000 15 15
166753.000000 0.000000 0.000000 14 14
283128.000000 0.000000 0.000000 12 12
363378.000000 0.000000 0.000000 18 18
230181.000000 0.000000 0.000000 7 7
318801.000000 0.000000 0.000000 2 2
419986.000000 0.000000 0.000000 4 4
266085.000000 0.000000 0.000000 19 19
218130.000000 0.000000 0.000000 11 11
218130.000000 0.000000 0.000000 11 11
195000.000000 0.000000 0.000000 17 17
202566.000000 0.000000 0.000000 10 10
202566.000000 0.000000 0.000000 10 10
0.000000 12899162.112805 0.000000 0 17
0.000000 14275056.999267 0.000000 0 13
0.000000 14086853.457047 0.000000 2 6
0.000000 15442771.605563 0.000000 2 3
0.000000 15310235.657636 0.000000 0 12
0.000000 15120986.762015 0.000000 2 12
0.000000 12985146.058489 0.000000 0 9
0.000000 18878782.474979 0.000000 2 1
0.000000 12154207.320574 0.000000 0 14
0.000000 16791384.124131 0.000000 1 8
0.000000 13159783.361155 0.000000 0 16
0.000000 13085679.328175 0.000000 1 14
0.000000 19272070.194440 0.000000 0 18
0.000000 20579999.419616 0.000000 1 1
0.000000 15462769.118766 0.000000 2 7
0.000000 12899162.112805 0.000000 0 17
0.000000 19115062.606178 0.000000 0 1
0.000000 15310235.657636 0.000000 0 12
0.000000 14263159.507841 0.000000 0 6
0.000000 13980299.402696 0.000000 1 9
0.000000 14086853.457047 0.000000 2 6
0.000000 13159783.361155 0.000000 0 16
0.000000 17099032.582586 0.000000 0 19
0.000000 16173725.124084 0.000000 0 5
0.000000 15656295.640940 0.000000 0 7
0.000000 12997116.076028 0.000000 2 16
0.000000 12824637.454585 0.000000 2 9
0.000000 20749039.726444 0.000000 1 18
0.000000 12800023.712533 0.000000 2 10
0.000000 16167993.274359 0.000000 2 0
0.000000 13764597.119823 0.000000 0 11
0.000000 14275056.999267 0.000000 0 13
0.000000 16791384.124131 0.000000 1 8
0.000000 13594453.768553 0.000000 2 11
0.000000 15636047.845943 0.000000 0 3
0.000000 19027220.683690 0.000000 1 2
0.000000 19115062.606178 0.000000 0 1
0.000000 14098603.884337 0.000000 2 13
0.000000 16856160.078455 0.000000 1 7
0.000000 17624933.844504 0.000000 1 0
0.000000 15442771.605563 0.000000 2 3
0.000000 15636047.845943 0.000000 0 3
0.000000 12281110.378381 0.000000 0 15
0.000000 18409465.241315 0.000000 1 19
0.000000 13222307.960240 0.000000 1 15
0.000000 14819485.897698 0.000000 1 11
0.000000 19272070.194440 0.000000 0 18
0.000000 12997116.076028 0.000000 2 16
0.000000 17672814.619262 0.000000 0 2
0.000000 16173725.124084 0.000000 0 5
0.000000 14263159.507841 0.000000 0 6
0.000000 13159783.361155 0.000000 0 16
0.000000 13887725.834680 0.000000 1 17
0.000000 13085679.328175 0.000000 1 14
0.000000 16834360.536262 0.000000 1 3
0.000000 15403347.778702 0.000000 2 8
0.000000 15596130.604456 0.000000 0 8
0.000000 14168320.528943 0.000000 1 16
0.000000 16107967.991391 0.000000 2 4
0.000000 19272070.194440 0.000000 0 18
0.000000 15462769.118766 0.000000 2 7
0.000000 17624933.844504 0.000000 1 0
0.000000 15973802.687458 0.000000 2 5
0.000000 17454362.028225 0.000000 2 2
0.000000 14819485.897698 0.000000 1 11
0.000000 12800023.712533 0.000000 2 10
0.000000 16483578.810485 0.000000 1 12
0.000000 15656295.640940 0.000000 0 7
0.000000 15636047.845943 0.000000 0 3
0.000000 12985146.058489 0.000000 0 9
0.000000 14086853.457047 0.000000 2 6
0.000000 16791384.124131 0.000000 1 8
0.000000 15973802.687458 0.000000 2 5
0.000000 15356257.022765 0.000000 1 6
0.000000 20749039.726444 0.000000 1 18
0.000000 17559499.524597 0.000000 1 4
0.000000 13222307.960240 0.000000 1 15
0.000000 16834360.536262 0.000000 1 3
0.000000 15596130.604456 0.000000 0 8
0.000000 15120986.762015 0.000000 2 12
0.000000 12129304.316791 0.000000 2 15
0.000000 12985146.058489 0.000000 0 9
0.000000 16167993.274359 0.000000 2 0
0.000000 16483578.810485 0.000000 1 12
0.000000 12281110.378381 0.000000 0 15
0.000000 12800023.712533 0.000000 2 10
0.000000 13764597.119823 0.000000 0 11
0.000000 13887725.834680 0.000000 1 17
0.000000 15356257.022765 0.000000 1 6
0.000000 17454362.028225 0.000000 2 2
0.000000 12129304.316791 0.000000 2 15
0.000000 16370346.131404 0.000000 0 0
0.000000 12003969.899993 0.000000 2 14
0.000000 16834360.536262 0.000000 1 3
0.000000 13953467.651635 0.000000 1 10
0.000000 17099032.582586 0.000000 0 19
0.000000 12154207.320574 0.000000 0 14
0.000000 19115062.606178 0.000000 0 1
0.000000 13764597.119823 0.000000 0 11
0.000000 12960224.259631 0.000000 0 10
0.000000 13887725.834680 0.000000 1 17
0.000000 13085679.328175 0.000000 1 14
0.000000 18878782.474979 0.000000 2 1
0.000000 17413244.231118 0.000000 1 5
0.000000 17672814.619262 0.000000 0 2
0.000000 14263159.507841 0.000000 0 6
0.000000 17099032.582586 0.000000 0 19
0.000000 15310235.657636 0.000000 0 12
0.000000 19027220.683690 0.000000 1 2
0.000000 12154207.320574 0.000000 0 14
0.000000 13594453.768553 0.000000 2 11
0.000000 16309569.593304 0.000000 0 4
0.000000 12824637.454585 0.000000 2 9
0.000000 15403347.778702 0.000000 2 8
0.000000 15462769.118766 0.000000 2 7
0.000000 12824637.454585 0.000000 2 9
0.000000 20579999.419616 0.000000 1 1
0.000000 16856160.078455 0.000000 1 7
0.000000 12129304.316791 0.000000 2 15
0.000000 15403347.778702 0.000000 2 8
0.000000 18409465.241315 0.000000 1 19
0.000000 16309569.593304 0.000000 0 4
0.000000 13594453.768553 0.000000 2 11
0.000000 13953467.651635 0.000000 1 10
0.000000 17624933.844504 0.000000 1 0
0.000000 16309569.593304 0.000000 0 4
0.000000 14098603.884337 0.000000 2 13
0.000000 12003969.899993 0.000000 2 14
0.000000 12997116.076028 0.000000 2 16
0.000000 15356257.022765 0.000000 1 6
0.000000 16370346.131404 0.000000 0 0
0.000000 15973802.687458 0.000000 2 5
0.000000 12003969.899993 0.000000 2 14
0.000000 15596130.604456 0.000000 0 8
0.000000 16167993.274359 0.000000 2 0
0.000000 17454362.028225 0.000000 2 2
0.000000 13980299.402696 0.000000 1 9
0.000000 20579999.419616 0.000000 1 1
0.000000 13980299.402696 0.000000 1 9
0.000000 17559499.524597 0.000000 1 4
0.000000 14150259.411300 0.000000 3 8
0.000000 19027220.683690 0.000000 1 2
0.000000 12960224.259631 0.000000 0 10
0.000000 12281110.378381 0.000000 0 15
0.000000 16173725.124084 0.000000 0 5
0.000000 11781331.529207 0.000000 3 9
0.000000 12960224.259631 0.000000 0 10
0.000000 14204846.724634 0.000000 3 7
0.000000 15442771.605563 0.000000 2 3
0.000000 16107967.991391 0.000000 2 4
0.000000 16107967.991391 0.000000 2 4
0.000000 13222307.960240 0.000000 1 15
0.000000 19033849.302181 0.000000 2 18
0.000000 18878782.474979 0.000000 2 1
0.000000 14819485.897698 0.000000 1 11
0.000000 14168320.528943 0.000000 1 16
0.000000 11781331.529207 0.000000 3 9
0.000000 12940864.126884 0.000000 3 6
0.000000 15656295.640940 0.000000 0 7
0.000000 15369066.311832 0.000000 1 13
0.000000 13953467.651635 0.000000 1 10
0.000000 14852699.703569 0.000000 3 0
0.000000 16370346.131404 0.000000 0 0
0.000000 17413244.231118 0.000000 1 5
0.000000 16856160.078455 0.000000 1 7
0.000000 11758720.156400 0.000000 3 10
0.000000 12951658.637293 0.000000 3 13
0.000000 14098603.884337 0.000000 2 13
0.000000 16887672.476339 0.000000 2 19
0.000000 14275056.999267 0.000000 0 13
0.000000 17672814.619262 0.000000 0 2
0.000000 11027426.666218 0.000000 3 14
0.000000 17342961.622182 0.000000 3 1
0.000000 17413244.231118 0.000000 1 5
0.000000 15369066.311832 0.000000 1 13
0.000000 14674306.849390 0.000000 3 5
0.000000 16034420.186214 0.000000 3 2
0.000000 13890868.940479 0.000000 3 12
0.000000 12899162.112805 0.000000 0 17
0.000000 12488521.985297 0.000000 3 11
0.000000 17559499.524597 0.000000 1 4
0.000000 15369066.311832 0.000000 1 13
0.000000 14204846.724634 0.000000 3 7
0.000000 11142564.916455 0.000000 3 15
0.000000 16034420.186214 0.000000 3 2
0.000000 11027426.666218 0.000000 3 14
0.000000 14852699.703569 0.000000 3 0
0.000000 12488521.985297 0.000000 3 11
0.000000 18409465.241315 0.000000 1 19
0.000000 11142564.916455 0.000000 3 15
0.000000 12739716.351212 0.000000 2 17
0.000000 14186476.043093 0.000000 3 3
0.000000 16887672.476339 0.000000 2 19
0.000000 11142564.916455 0.000000 3 15
0.000000 15120986.762015 0.000000 2 12
0.000000 16887672.476339 0.000000 2 19
0.000000 16483578.810485 0.000000 1 12
0.000000 17342961.622182 0.000000 3 1
0.000000 14204846.724634 0.000000 3 7
0.000000 14150259.411300 0.000000 3 8
0.000000 12940864.126884 0.000000 3 6
0.000000 11781331.529207 0.000000 3 9
0.000000 19033849.302181 0.000000 2 18
0.000000 12488521.985297 0.000000 3 11
0.000000 14797557.578955 0.000000 3 4
0.000000 14168320.528943 0.000000 1 16
0.000000 12951658.637293 0.000000 3 13
0.000000 14150259.411300 0.000000 3 8
0.000000 19033849.302181 0.000000 2 18
0.000000 17342961.622182 0.000000 3 1
0.000000 12739716.351212 0.000000 2 17
0.000000 14186476.043093 0.000000 3 3
0.000000 13890868.940479 0.000000 3 12
0.000000 11758720.156400 0.000000 3 10
0.000000 11027426.666218 0.000000 3 14
0.000000 12739716.351212 0.000000 2 17
0.000000 14852699.703569 0.000000 3 0
0.000000 12951658.637293 0.000000 3 13
0.000000 14797557.578955 0.000000 3 4
0.000000 20749039.726444 0.000000 1 18
0.000000 14186476.043093 0.000000 3 3
0.000000 12940864.126884 0.000000 3 6
0.000000 16034420.186214 0.000000 3 2
0.000000 13890868.940479 0.000000 3 12
0.000000 11758720.156400 0.000000 3 10
0.000000 14674306.849390 0.000000 3 5
0.000000 14674306.849390 0.000000 3 5
0.000000 14797557.578955 0.000000 3 4
0.000000 17485413.502498 0.000000 3 18
0.000000 17485413.502498 0.000000 3 18
0.000000 15513831.786822 0.000000 3 19
0.000000 11939778.722702 0.000000 3 16
0.000000 11703318.900859 0.000000 3 17
0.000000 17485413.502498 0.000000 3 18
0.000000 18555756.986277 0.000000 4 0
0.000000 15513831.786822 0.000000 3 19
0.000000 15513831.786822 0.000000 3 19
0.000000 11939778.722702 0.000000 3 16
0.000000 11939778.722702 0.000000 3 16
0.000000 18555756.986277 0.000000 4 0
0.000000 21666888.023133 0.000000 4 1
0.000000 20032102.602460 0.000000 4 2
0.000000 17723431.241407 0.000000 4 3
0.000000 16167264.856419 0.000000 4 6
0.000000 11703318.900859 0.000000 3 17
0.000000 20032102.602460 0.000000 4 2
0.000000 18555756.986277 0.000000 4 0
0.000000 11703318.900859 0.000000 3 17
0.000000 15419287.703294 0.000000 5 0
0.000000 14727649.516157 0.000000 5 3
0.000000 20032102.602460 0.000000 4 2
0.000000 21666888.023133 0.000000 4 1
0.000000 14746720.986722 0.000000 5 7
0.000000 15362042.064312 0.000000 5 4
0.000000 18004545.989540 0.000000 5 1
0.000000 21666888.023133 0.000000 4 1
0.000000 12964923.368853 0.000000 5 11
0.000000 15419287.703294 0.000000 5 0
0.000000 17746382.080831 0.000000 4 7
0.000000 12207281.688273 0.000000 5 10
0.000000 15234089.671942 0.000000 5 5
0.000000 12207281.688273 0.000000 5 10
0.000000 18004545.989540 0.000000 5 1
0.000000 12230755.620139 0.000000 5 9
0.000000 16646087.441340 0.000000 5 2
0.000000 14727649.516157 0.000000 5 3
0.000000 17354123.730748 0.000000 4 12
0.000000 15362042.064312 0.000000 5 4
0.000000 14690051.323411 0.000000 5 8
0.000000 18486866.892718 0.000000 4 4
0.000000 14727649.516157 0.000000 5 3
0.000000 14916590.040527 0.000000 4 16
0.000000 15234089.671942 0.000000 5 5
0.000000 17678185.122363 0.000000 4 8
0.000000 18332887.439523 0.000000 4 5
0.000000 14746720.986722 0.000000 5 7
0.000000 14718638.980656 0.000000 4 9
0.000000 17723431.241407 0.000000 4 3
0.000000 13776771.462846 0.000000 4 14
0.000000 17678185.122363 0.000000 4 8
0.000000 16167264.856419 0.000000 4 6
0.000000 18486866.892718 0.000000 4 4
0.000000 15362042.064312 0.000000 5 4
0.000000 14621176.338006 0.000000 4 17
0.000000 14718638.980656 0.000000 4 9
0.000000 13776771.462846 0.000000 4 14
0.000000 13434521.069108 0.000000 5 6
0.000000 13776771.462846 0.000000 4 14
0.000000 16646087.441340 0.000000 5 2
0.000000 14011311.331493 0.000000 6 4
0.000000 18332887.439523 0.000000 4 5
0.000000 21844855.830835 0.000000 4 18
0.000000 14690390.168283 0.000000 4 10
0.000000 21844855.830835 0.000000 4 18
0.000000 14916590.040527 0.000000 4 16
0.000000 17354123.730748 0.000000 4 12
0.000000 13920615.843554 0.000000 4 15
0.000000 14621176.338006 0.000000 4 17
0.000000 16421469.110688 0.000000 6 1
0.000000 13920615.843554 0.000000 4 15
0.000000 15419287.703294 0.000000 5 0
0.000000 19381721.730050 0.000000 4 19
0.000000 14916590.040527 0.000000 4 16
0.000000 17746382.080831 0.000000 4 7
0.000000 17678185.122363 0.000000 4 8
0.000000 14690390.168283 0.000000 4 10
0.000000 12149767.033319 0.000000 5 17
0.000000 19381721.730050 0.000000 4 19
0.000000 12230755.620139 0.000000 5 9
0.000000 10550521.276253 0.000000 6 15
0.000000 13432698.705610 0.000000 6 3
0.000000 18004545.989540 0.000000 5 1
0.000000 16646087.441340 0.000000 5 2
0.000000 15234089.671942 0.000000 5 5
0.000000 15602145.313541 0.000000 4 11
0.000000 12263491.489067 0.000000 6 13
0.000000 14718638.980656 0.000000 4 9
0.000000 14690390.168283 0.000000 4 10
0.000000 16167264.856419 0.000000 4 6
0.000000 11567621.888907 0.000000 5 15
0.000000 13450093.288154 0.000000 6 7
0.000000 13152798.247558 0.000000 6 12
0.000000 14621176.338006 0.000000 4 17
0.000000 11567621.888907 0.000000 5 15
0.000000 15602145.313541 0.000000 4 11
0.000000 11448091.443844 0.000000 5 14
0.000000 13398406.390858 0.000000 6 8
0.000000 16180750.640510 0.000000 4 13
0.000000 17746382.080831 0.000000 4 7
0.000000 11133938.022720 0.000000 6 10
0.000000 14420765.848217 0.000000 5 12
0.000000 13688748.768432 0.000000 7 4
0.000000 13434521.069108 0.000000 5 6
0.000000 12964923.368853 0.000000 5 11
0.000000 14690051.323411 0.000000 5 8
0.000000 13445727.359097 0.000000 5 13
0.000000 11155347.973980 0.000000 6 9
0.000000 11133938.022720 0.000000 6 10
0.000000 19381721.730050 0.000000 4 19
0.000000 13152798.247558 0.000000 6 12
0.000000 12253270.528786 0.000000 6 6
0.000000 14746720.986722 0.000000 5 7
0.000000 21844855.830835 0.000000 4 18
0.000000 12253270.528786 0.000000 6 6
0.000000 16180750.640510 0.000000 4 13
0.000000 11133938.022720 0.000000 6 10
0.000000 16105640.083804 0.000000 5 19
0.000000 13123456.721002 0.000000 7 3
0.000000 13450093.288154 0.000000 6 7
0.000000 13445727.359097 0.000000 5 13
0.000000 11824962.915343 0.000000 6 11
0.000000 11081480.430647 0.000000 6 17
0.000000 12207281.688273 0.000000 5 10
0.000000 14063523.561094 0.000000 6 0
0.000000 13445727.359097 0.000000 5 13
0.000000 14011311.331493 0.000000 6 4
0.000000 12395247.121058 0.000000 5 16
0.000000 18152432.000823 0.000000 5 18
0.000000 13398406.390858 0.000000 6 8
0.000000 13432698.705610 0.000000 6 3
0.000000 16180750.640510 0.000000 4 13
0.000000 11305376.310707 0.000000 6 16
0.000000 10550521.276253 0.000000 6 15
0.000000 11567621.888907 0.000000 5 15
0.000000 14011311.331493 0.000000 6 4
0.000000 15182455.080860 0.000000 6 2
0.000000 13894609.346548 0.000000 6 5
0.000000 16043420.900966 0.000000 7 1
0.000000 14689527.373168 0.000000 6 19
0.000000 10441500.725953 0.000000 6 14
0.000000 13920615.843554 0.000000 4 15
0.000000 13450093.288154 0.000000 6 7
0.000000 18332887.439523 0.000000 4 5
0.000000 13739758.989823 0.000000 7 0
0.000000 15182455.080860 0.000000 6 2
0.000000 12263491.489067 0.000000 6 13
0.000000 11824962.915343 0.000000 6 11
0.000000 10441500.725953 0.000000 6 14
0.000000 11448091.443844 0.000000 5 14
0.000000 13152798.247558 0.000000 6 12
0.000000 16556352.022581 0.000000 6 18
0.000000 12395247.121058 0.000000 5 16
0.000000 11552733.553311 0.000000 7 11
0.000000 14689527.373168 0.000000 6 19
0.000000 16556352.022581 0.000000 6 18
0.000000 16421469.110688 0.000000 6 1
0.000000 11305376.310707 0.000000 6 16
0.000000 13739758.989823 0.000000 7 0
0.000000 13398406.390858 0.000000 6 8
0.000000 13739758.989823 0.000000 7 0
0.000000 17354123.730748 0.000000 4 12
0.000000 14832930.935073 0.000000 7 2
0.000000 18486866.892718 0.000000 4 4
0.000000 14689527.373168 0.000000 6 19
0.000000 16421469.110688 0.000000 6 1
0.000000 13089953.869651 0.000000 7 8
0.000000 10441500.725953 0.000000 6 14
0.000000 13123456.721002 0.000000 7 3
0.000000 16556352.022581 0.000000 6 18
0.000000 14063523.561094 0.000000 6 0
0.000000 14420765.848217 0.000000 5 12
0.000000 10898534.207733 0.000000 7 9
0.000000 15602145.313541 0.000000 4 11
0.000000 10898534.207733 0.000000 7 9
0.000000 11971180.847515 0.000000 7 6
0.000000 14832930.935073 0.000000 7 2
0.000000 12149767.033319 0.000000 5 17
0.000000 11155347.973980 0.000000 6 9
0.000000 12253270.528786 0.000000 6 6
0.000000 16043420.900966 0.000000 7 1
0.000000 13688748.768432 0.000000 7 4
0.000000 13432698.705610 0.000000 6 3
0.000000 13688748.768432 0.000000 7 4
0.000000 10550521.276253 0.000000 6 15
0.000000 13894609.346548 0.000000 6 5
0.000000 14420765.848217 0.000000 5 12
0.000000 14063523.561094 0.000000 6 0
0.000000 10877617.147364 0.000000 7 10
0.000000 17723431.241407 0.000000 4 3
0.000000 13574733.447947 0.000000 7 5
0.000000 13434521.069108 0.000000 5 6
0.000000 18152432.000823 0.000000 5 18
0.000000 13574733.447947 0.000000 7 5
0.000000 13089953.869651 0.000000 7 8
0.000000 10877617.147364 0.000000 7 10
0.000000 13123456.721002 0.000000 7 3
0.000000 11971180.847515 0.000000 7 6
0.000000 11552733.553311 0.000000 7 11
0.000000 11552733.553311 0.000000 7 11
0.000000 16105640.083804 0.000000 5 19
0.000000 13140450.852675 0.000000 7 7
0.000000 11448091.443844 0.000000 5 14
0.000000 16105640.083804 0.000000 5 19
0.000000 11081480.430647 0.000000 6 17
0.000000 12149767.033319 0.000000 5 17
0.000000 13140450.852675 0.000000 7 7
0.000000 13894609.346548 0.000000 6 5
0.000000 15182455.080860 0.000000 6 2
0.000000 11971180.847515 0.000000 7 6
0.000000 10877617.147364 0.000000 7 10
0.000000 18152432.000823 0.000000 5 18
0.000000 12263491.489067 0.000000 6 13
0.000000 13089953.869651 0.000000 7 8
0.000000 11305376.310707 0.000000 6 16
0.000000 11081480.430647 0.000000 6 17
0.000000 13574733.447947 0.000000 7 5
0.000000 12230755.620139 0.000000 5 9
0.000000 14832930.935073 0.000000 7 2
0.000000 11155347.973980 0.000000 6 9
0.000000 16043420.900966 0.000000 7 1
0.000000 14690051.323411 0.000000 5 8
0.000000 12395247.121058 0.000000 5 16
0.000000 13140450.852675 0.000000 7 7
0.000000 12964923.368853 0.000000 5 11
0.000000 10898534.207733 0.000000 7 9
0.000000 12850000.014564 0.000000 7 12
0.000000 10201120.853023 0.000000 7 14
0.000000 12850000.014564 0.000000 7 12
0.000000 11824962.915343 0.000000 6 11
0.000000 11981166.505179 0.000000 7 13
0.000000 11981166.505179 0.000000 7 13
0.000000 12850000.014564 0.000000 7 12
0.000000 11981166.505179 0.000000 7 13
0.000000 10307631.577709 0.000000 7 15
0.000000 10307631.577709 0.000000 7 15
0.000000 10201120.853023 0.000000 7 14
0.000000 10201120.853023 0.000000 7 14
0.000000 10826367.212099 0.000000 7 17
0.000000 10826367.212099 0.000000 7 17
0.000000 10307631.577709 0.000000 7 15
0.000000 14351351.203465 0.000000 7 19
0.000000 11045108.654504 0.000000 7 16
0.000000 16175198.594764 0.000000 7 18
0.000000 11045108.654504 0.000000 7 16
0.000000 14225405.846730 0.000000 8 0
0.000000 14172592.613024 0.000000 8 4
0.000000 13587319.697914 0.000000 8 3
0.000000 14172592.613024 0.000000 8 4
0.000000 16610493.215549 0.000000 8 1
0.000000 14225405.846730 0.000000 8 0
0.000000 16610493.215549 0.000000 8 1
0.000000 14351351.203465 0.000000 7 19
0.000000 14351351.203465 0.000000 7 19
0.000000 10826367.212099 0.000000 7 17
0.000000 14172592.613024 0.000000 8 4
0.000000 16175198.594764 0.000000 7 18
0.000000 14054547.295849 0.000000 8 5
0.000000 14054547.295849 0.000000 8 5
0.000000 13587319.697914 0.000000 8 3
0.000000 14225405.846730 0.000000 8 0
0.000000 16610493.215549 0.000000 8 1
0.000000 13604914.505894 0.000000 8 7
0.000000 15357217.153753 0.000000 8 2
0.000000 13587319.697914 0.000000 8 3
0.000000 15357217.153753 0.000000 8 2
0.000000 11045108.654504 0.000000 7 16
0.000000 16175198.594764 0.000000 7 18
0.000000 13304197.364054 0.000000 8 12
0.000000 11262098.460398 0.000000 8 10
0.000000 10561690.662417 0.000000 8 14
0.000000 11283754.857103 0.000000 8 9
0.000000 12394315.369422 0.000000 8 6
0.000000 12394315.369422 0.000000 8 6
0.000000 11283754.857103 0.000000 8 9
0.000000 13304197.364054 0.000000 8 12
0.000000 11961077.596359 0.000000 8 11
0.000000 11961077.596359 0.000000 8 11
0.000000 11209037.039922 0.000000 8 17
0.000000 11961077.596359 0.000000 8 11
0.000000 13552632.651462 0.000000 8 8
0.000000 13604914.505894 0.000000 8 7
0.000000 13552632.651462 0.000000 8 8
0.000000 11263243.587585 0.000000 9 7
0.000000 11733213.229874 0.000000 9 4
0.000000 14054547.295849 0.000000 8 5
0.000000 12713940.801243 0.000000 9 2
0.000000 11262098.460398 0.000000 8 10
0.000000 12713940.801243 0.000000 9 2
0.000000 11635485.812675 0.000000 9 5
0.000000 11776936.276490 0.000000 9 0
0.000000 13751503.629524 0.000000 9 1
0.000000 15357217.153753 0.000000 8 2
0.000000 11635485.812675 0.000000 9 5
0.000000 16746928.736489 0.000000 8 18
0.000000 11733213.229874 0.000000 9 4
0.000000 11248677.189315 0.000000 9 3
0.000000 12404653.981011 0.000000 8 13
0.000000 11263243.587585 0.000000 9 7
0.000000 9279743.324649 0.000000 9 17
0.000000 14858615.458020 0.000000 8 19
0.000000 9323671.840519 0.000000 9 10
0.000000 11635485.812675 0.000000 9 5
0.000000 11219960.459836 0.000000 9 8
0.000000 13751503.629524 0.000000 9 1
0.000000 11263243.587585 0.000000 9 7
0.000000 13604914.505894 0.000000 8 7
0.000000 13751503.629524 0.000000 9 1
0.000000 9902343.045990 0.000000 9 11
0.000000 10261012.154811 0.000000 9 6
0.000000 10561690.662417 0.000000 8 14
0.000000 10671966.125526 0.000000 8 15
0.000000 10261012.154811 0.000000 9 6
0.000000 11776936.276490 0.000000 9 0
0.000000 13552632.651462 0.000000 8 8
0.000000 9341600.749861 0.000000 9 9
0.000000 9323671.840519 0.000000 9 10
0.000000 11776936.276490 0.000000 9 0
0.000000 14858615.458020 0.000000 8 19
0.000000 11209037.039922 0.000000 8 17
0.000000 13304197.364054 0.000000 8 12
0.000000 11262098.460398 0.000000 8 10
0.000000 9341600.749861 0.000000 9 9
0.000000 11248677.189315 0.000000 9 3
0.000000 12404653.981011 0.000000 8 13
0.000000 11733213.229874 0.000000 9 4
0.000000 11248677.189315 0.000000 9 3
0.000000 11209037.039922 0.000000 8 17
0.000000 9467235.988772 0.000000 9 16
0.000000 11435510.138809 0.000000 8 16
0.000000 8835112.780285 0.000000 9 15
0.000000 14858615.458020 0.000000 8 19
0.000000 11219960.459836 0.000000 9 8
0.000000 11435510.138809 0.000000 8 16
0.000000 12394315.369422 0.000000 8 6
0.000000 10561690.662417 0.000000 8 14
0.000000 11219960.459836 0.000000 9 8
0.000000 10269571.290359 0.000000 9 13
0.000000 8743817.873390 0.000000 9 14
0.000000 10671966.125526 0.000000 8 15
0.000000 12713940.801243 0.000000 9 2
0.000000 12889876.990235 0.000000 10 0
0.000000 11014285.727042 0.000000 9 12
0.000000 12404653.981011 0.000000 8 13
0.000000 12301158.174634 0.000000 9 19
0.000000 10671966.125526 0.000000 8 15
0.000000 10261012.154811 0.000000 9 6
0.000000 11283754.857103 0.000000 8 9
0.000000 16746928.736489 0.000000 8 18
0.000000 9323671.840519 0.000000 9 10
0.000000 10269571.290359 0.000000 9 13
0.000000 9341600.749861 0.000000 9 9
0.000000 8743817.873390 0.000000 9 14
0.000000 15051044.350444 0.000000 10 1
0.000000 9467235.988772 0.000000 9 16
0.000000 12842022.040397 0.000000 10 4
0.000000 16746928.736489 0.000000 8 18
0.000000 10156695.013409 0.000000 10 17
0.000000 13864455.938623 0.000000 9 18
0.000000 12889876.990235 0.000000 10 0
0.000000 12792103.112762 0.000000 11 7
0.000000 13463638.757992 0.000000 10 19
0.000000 11435510.138809 0.000000 8 16
0.000000 12775559.488318 0.000000 11 3
0.000000 12301158.174634 0.000000 9 19
0.000000 13915430.052384 0.000000 10 2
0.000000 12889876.990235 0.000000 10 0
0.000000 12327639.459544 0.000000 10 7
0.000000 12311696.511406 0.000000 10 3
0.000000 11240063.422473 0.000000 10 13
0.000000 9279743.324649 0.000000 9 17
0.000000 10838131.477976 0.000000 10 11
0.000000 9670046.119031 0.000000 10 15
0.000000 11230695.434179 0.000000 10 6
0.000000 13864455.938623 0.000000 9 18
0.000000 11240063.422473 0.000000 10 13
0.000000 10361906.056970 0.000000 10 16
0.000000 12775559.488318 0.000000 11 3
0.000000 13915430.052384 0.000000 10 2
0.000000 12792103.112762 0.000000 11 7
0.000000 10609618.720705 0.000000 11 9
0.000000 9570123.686584 0.000000 10 14
0.000000 10156695.013409 0.000000 10 17
0.000000 9279743.324649 0.000000 9 17
0.000000 12842022.040397 0.000000 10 4
0.000000 12301158.174634 0.000000 9 19
0.000000 12327639.459544 0.000000 10 7
0.000000 15174670.846744 0.000000 10 18
0.000000 10361906.056970 0.000000 10 16
0.000000 11014285.727042 0.000000 9 12
0.000000 13375523.847143 0.000000 11 0
0.000000 10204774.849555 0.000000 10 10
0.000000 9670046.119031 0.000000 10 15
0.000000 13915430.052384 0.000000 10 2
0.000000 12280266.001484 0.000000 10 8
0.000000 9467235.988772 0.000000 9 16
0.000000 11230695.434179 0.000000 10 6
0.000000 12311696.511406 0.000000 10 3
0.000000 13864455.938623 0.000000 9 18
0.000000 11240063.422473 0.000000 10 13
0.000000 12735059.214118 0.000000 10 5
0.000000 11246475.521024 0.000000 11 11
0.000000 10224398.071335 0.000000 10 9
0.000000 15174670.846744 0.000000 10 18
0.000000 15051044.350444 0.000000 10 1
0.000000 14439716.271063 0.000000 11 2
0.000000 10589256.162589 0.000000 11 10
0.000000 12735059.214118 0.000000 10 5
0.000000 12055154.652957 0.000000 10 12
0.000000 13214873.062020 0.000000 11 5
0.000000 15618116.665028 0.000000 11 1
0.000000 12742944.783294 0.000000 11 8
0.000000 13375523.847143 0.000000 11 0
0.000000 8835112.780285 0.000000 9 15
0.000000 12055154.652957 0.000000 10 12
0.000000 10838131.477976 0.000000 10 11
0.000000 9902343.045990 0.000000 9 11
0.000000 10269571.290359 0.000000 9 13
0.000000 12280266.001484 0.000000 10 8
0.000000 11653829.956086 0.000000 11 6
0.000000 9570123.686584 0.000000 10 14
0.000000 10589256.162589 0.000000 11 10
0.000000 14439716.271063 0.000000 11 2
0.000000 13463638.757992 0.000000 10 19
0.000000 15051044.350444 0.000000 10 1
0.000000 13325865.884988 0.000000 11 4
0.000000 12055154.652957 0.000000 10 12
0.000000 12792103.112762 0.000000 11 7
0.000000 8743817.873390 0.000000 9 14
0.000000 10361906.056970 0.000000 10 16
0.000000 13325865.884988 0.000000 11 4
0.000000 15174670.846744 0.000000 10 18
0.000000 12311696.511406 0.000000 10 3
0.000000 12735059.214118 0.000000 10 5
0.000000 9902343.045990 0.000000 9 11
0.000000 14439716.271063 0.000000 11 2
0.000000 11014285.727042 0.000000 9 12
0.000000 10156695.013409 0.000000 10 17
0.000000 10589256.162589 0.000000 11 10
0.000000 10609618.720705 0.000000 11 9
0.000000 11653829.956086 0.000000 11 6
0.000000 10224398.071335 0.000000 10 9
0.000000 13214873.062020 0.000000 11 5
0.000000 11653829.956086 0.000000 11 6
0.000000 12775559.488318 0.000000 11 3
0.000000 15618116.665028 0.000000 11 1
0.000000 10204774.849555 0.000000 10 10
0.000000 8835112.780285 0.000000 9 15
0.000000 13325865.884988 0.000000 11 4
0.000000 12742944.783294 0.000000 11 8
0.000000 11663550.898305 0.000000 11 13
0.000000 9930693.495978 0.000000 11 14
0.000000 12842022.040397 0.000000 10 4
0.000000 11246475.521024 0.000000 11 11
0.000000 10034380.666847 0.000000 11 15
0.000000 9570123.686584 0.000000 10 14
0.000000 10224398.071335 0.000000 10 9
0.000000 10609618.720705 0.000000 11 9
0.000000 9670046.119031 0.000000 10 15
0.000000 13463638.757992 0.000000 10 19
0.000000 10838131.477976 0.000000 10 11
0.000000 10204774.849555 0.000000 10 10
0.000000 11663550.898305 0.000000 11 13
0.000000 13375523.847143 0.000000 11 0
0.000000 12327639.459544 0.000000 10 7
0.000000 12280266.001484 0.000000 10 8
0.000000 12742944.783294 0.000000 11 8
0.000000 13970903.012548 0.000000 11 19
0.000000 12509352.002447 0.000000 11 12
0.000000 11230695.434179 0.000000 10 6
0.000000 12509352.002447 0.000000 11 12
0.000000 10034380.666847 0.000000 11 15
0.000000 10752307.541275 0.000000 11 16
0.000000 13214873.062020 0.000000 11 5
0.000000 10539364.841232 0.000000 11 17
0.000000 15746400.988470 0.000000 11 18
0.000000 15618116.665028 0.000000 11 1
0.000000 10752307.541275 0.000000 11 16
0.000000 9930693.495978 0.000000 11 14
0.000000 9930693.495978 0.000000 11 14
0.000000 11246475.521024 0.000000 11 11
0.000000 10539364.841232 0.000000 11 17
0.000000 13970903.012548 0.000000 11 19
0.000000 10034380.666847 0.000000 11 15
0.000000 11663550.898305 0.000000 11 13
0.000000 12509352.002447 0.000000 11 12
0.000000 10752307.541275 0.000000 11 16
0.000000 10539364.841232 0.000000 11 17
0.000000 13970903.012548 0.000000 11 19
0.000000 15746400.988470 0.000000 11 18
0.000000 15746400.988470 0.000000 11 18
0.000000 15237170.131954 0.000000 12 0
0.000000 14516546.780233 0.000000 12 8
0.000000 17791893.871461 0.000000 12 1
0.000000 15237170.131954 0.000000 12 0
0.000000 13275845.623393 0.000000 12 6
0.000000 15054159.478979 0.000000 12 5
0.000000 16449480.109335 0.000000 12 2
0.000000 17791893.871461 0.000000 12 1
0.000000 16449480.109335 0.000000 12 2
0.000000 15180600.622590 0.000000 12 4
0.000000 14572547.116765 0.000000 12 7
0.000000 13275845.623393 0.000000 12 6
0.000000 15237170.131954 0.000000 12 0
0.000000 16449480.109335 0.000000 12 2
0.000000 15180600.622590 0.000000 12 4
0.000000 14250441.842159 0.000000 12 12
0.000000 14553700.899815 0.000000 12 3
0.000000 13286919.555660 0.000000 12 13
0.000000 17791893.871461 0.000000 12 1
0.000000 15915415.988345 0.000000 12 19
0.000000 15054159.478979 0.000000 12 5
0.000000 11430996.433476 0.000000 12 15
0.000000 14572547.116765 0.000000 12 7
0.000000 17938033.197790 0.000000 12 18
0.000000 11430996.433476 0.000000 12 15
0.000000 14516546.780233 0.000000 12 8
0.000000 12063101.195885 0.000000 12 10
0.000000 12248846.564444 0.000000 12 16
0.000000 14516546.780233 0.000000 12 8
0.000000 12006265.847885 0.000000 12 17
0.000000 14553700.899815 0.000000 12 3
0.000000 13286919.555660 0.000000 12 13
0.000000 12063101.195885 0.000000 12 10
0.000000 12811794.352710 0.000000 12 11
0.000000 12811794.352710 0.000000 12 11
0.000000 12248846.564444 0.000000 12 16
0.000000 15915415.988345 0.000000 12 19
0.000000 12086297.876625 0.000000 12 9
0.000000 12248846.564444 0.000000 12 16
0.000000 13275845.623393 0.000000 12 6
0.000000 14553700.899815 0.000000 12 3
0.000000 17938033.197790 0.000000 12 18
0.000000 14572547.116765 0.000000 12 7
0.000000 11312877.765321 0.000000 12 14
0.000000 11312877.765321 0.000000 12 14
0.000000 14893170.274978 0.000000 13 0
0.000000 11790760.265820 0.000000 13 10
0.000000 16078110.704437 0.000000 13 2
0.000000 14250441.842159 0.000000 12 12
0.000000 14243552.029069 0.000000 13 7
0.000000 15054159.478979 0.000000 12 5
0.000000 16078110.704437 0.000000 13 2
0.000000 12976125.337043 0.000000 13 6
0.000000 14225131.291169 0.000000 13 3
0.000000 14893170.274978 0.000000 13 0
0.000000 15915415.988345 0.000000 12 19
0.000000 12811794.352710 0.000000 12 11
0.000000 13928718.719603 0.000000 13 12
0.000000 11312877.765321 0.000000 12 14
0.000000 11813433.249988 0.000000 13 9
0.000000 12976125.337043 0.000000 13 6
0.000000 11430996.433476 0.000000 12 15
0.000000 14250441.842159 0.000000 12 12
0.000000 12086297.876625 0.000000 12 9
0.000000 12976125.337043 0.000000 13 6
0.000000 12063101.195885 0.000000 12 10
0.000000 14188815.976450 0.000000 13 8
0.000000 12006265.847885 0.000000 12 17
0.000000 12006265.847885 0.000000 12 17
0.000000 14893170.274978 0.000000 13 0
0.000000 14837877.899338 0.000000 13 4
0.000000 17390217.648422 0.000000 13 1
0.000000 14714291.336715 0.000000 13 5
0.000000 12086297.876625 0.000000 12 9
0.000000 13286919.555660 0.000000 12 13
0.000000 17938033.197790 0.000000 12 18
0.000000 12522550.655551 0.000000 13 11
0.000000 17390217.648422 0.000000 13 1
0.000000 16078110.704437 0.000000 13 2
0.000000 15180600.622590 0.000000 12 4
0.000000 11813433.249988 0.000000 13 9
0.000000 11813433.249988 0.000000 13 9
0.000000 11695995.133672 0.000000 14 0
0.000000 17390217.648422 0.000000 13 1
0.000000 14225131.291169 0.000000 13 3
0.000000 11652572.589109 0.000000 14 4
0.000000 14714291.336715 0.000000 13 5
0.000000 14714291.336715 0.000000 13 5
0.000000 13656991.577093 0.000000 14 1
0.000000 14837877.899338 0.000000 13 4
0.000000 12986949.260279 0.000000 13 13
0.000000 15556103.808035 0.000000 13 19
0.000000 14188815.976450 0.000000 13 8
0.000000 14188815.976450 0.000000 13 8
0.000000 14243552.029069 0.000000 13 7
0.000000 12986949.260279 0.000000 13 13
0.000000 11735208.053178 0.000000 13 17
0.000000 11972312.179728 0.000000 13 16
0.000000 11735208.053178 0.000000 13 17
0.000000 8683722.905157 0.000000 14 14
0.000000 11057474.150334 0.000000 13 14
0.000000 11790760.265820 0.000000 13 10
0.000000 14837877.899338 0.000000 13 4
0.000000 9215965.020012 0.000000 14 17
0.000000 14243552.029069 0.000000 13 7
0.000000 14225131.291169 0.000000 13 3
0.000000 12522550.655551 0.000000 13 11
0.000000 17533057.680950 0.000000 13 18
0.000000 13656991.577093 0.000000 14 1
0.000000 9259591.621680 0.000000 14 10
0.000000 12626559.764796 0.000000 14 2
0.000000 9277397.308299 0.000000 14 9
0.000000 11172926.128773 0.000000 13 15
0.000000 11972312.179728 0.000000 13 16
0.000000 11695995.133672 0.000000 14 0
0.000000 11172926.128773 0.000000 13 15
0.000000 11171366.693163 0.000000 14 3
0.000000 11057474.150334 0.000000 13 14
0.000000 12479139.156953 0.000000 15 4
0.000000 14625740.114507 0.000000 15 1
0.000000 12216614.132208 0.000000 14 19
0.000000 11652572.589109 0.000000 14 4
0.000000 15556103.808035 0.000000 13 19
0.000000 9402169.074721 0.000000 14 16
0.000000 15556103.808035 0.000000 13 19
0.000000 13928718.719603 0.000000 13 12
0.000000 12986949.260279 0.000000 13 13
0.000000 11972312.179728 0.000000 13 16
0.000000 13656991.577093 0.000000 14 1
0.000000 11652572.589109 0.000000 14 4
0.000000 12626559.764796 0.000000 14 2
0.000000 12216614.132208 0.000000 14 19
0.000000 11142847.329534 0.000000 14 8
0.000000 9935482.584307 0.000000 15 9
0.000000 10198990.044387 0.000000 14 13
0.000000 12626559.764796 0.000000 14 2
0.000000 11142847.329534 0.000000 14 8
0.000000 11555516.838025 0.000000 14 5
0.000000 11695995.133672 0.000000 14 0
0.000000 11735208.053178 0.000000 13 17
0.000000 9834285.705481 0.000000 14 11
0.000000 9277397.308299 0.000000 14 9
0.000000 10190489.734493 0.000000 14 6
0.000000 8774390.355649 0.000000 14 15
0.000000 10938586.168793 0.000000 14 12
0.000000 11057474.150334 0.000000 13 14
0.000000 9402169.074721 0.000000 14 16
0.000000 13769167.581669 0.000000 14 18
0.000000 10190489.734493 0.000000 14 6
0.000000 11933256.915126 0.000000 15 8
0.000000 12525641.847555 0.000000 15 0
0.000000 11790760.265820 0.000000 13 10
0.000000 10938586.168793 0.000000 14 12
0.000000 11171366.693163 0.000000 14 3
0.000000 12216614.132208 0.000000 14 19
0.000000 8774390.355649 0.000000 14 15
0.000000 9916413.864780 0.000000 15 10
0.000000 13522215.388374 0.000000 15 2
0.000000 12525641.847555 0.000000 15 0
0.000000 11185832.978716 0.000000 14 7
0.000000 11979291.719630 0.000000 15 7
0.000000 11185832.978716 0.000000 14 7
0.000000 9834285.705481 0.000000 14 11
0.000000 10198990.044387 0.000000 14 13
0.000000 8683722.905157 0.000000 14 14
0.000000 9215965.020012 0.000000 14 17
0.000000 11185832.978716 0.000000 14 7
0.000000 17533057.680950 0.000000 13 18
0.000000 14625740.114507 0.000000 15 1
0.000000 11171366.693163 0.000000 14 3
0.000000 11555516.838025 0.000000 14 5
0.000000 8683722.905157 0.000000 14 14
0.000000 11555516.838025 0.000000 14 5
0.000000 13769167.581669 0.000000 14 18
0.000000 17533057.680950 0.000000 13 18
0.000000 9259591.621680 0.000000 14 10
0.000000 12522550.655551 0.000000 13 11
0.000000 11963799.278722 0.000000 15 3
0.000000 12375198.828191 0.000000 15 5
0.000000 9935482.584307 0.000000 15 9
0.000000 10922447.815600 0.000000 15 13
0.000000 9299696.329539 0.000000 15 14
0.000000 13928718.719603 0.000000 13 12
0.000000 9215965.020012 0.000000 14 17
0.000000 12525641.847555 0.000000 15 0
0.000000 12479139.156953 0.000000 15 4
0.000000 10190489.734493 0.000000 14 6
0.000000 10531873.445689 0.000000 15 11
0.000000 12479139.156953 0.000000 15 4
0.000000 12375198.828191 0.000000 15 5
0.000000 10913344.542750 0.000000 15 6
0.000000 11172926.128773 0.000000 13 15
0.000000 9834285.705481 0.000000 14 11
0.000000 8774390.355649 0.000000 14 15
0.000000 9277397.308299 0.000000 14 9
0.000000 11142847.329534 0.000000 14 8
0.000000 9396795.208168 0.000000 15 15
0.000000 13769167.581669 0.000000 14 18
0.000000 9259591.621680 0.000000 14 10
0.000000 10913344.542750 0.000000 15 6
0.000000 11714506.640839 0.000000 15 12
0.000000 11963799.278722 0.000000 15 3
0.000000 14625740.114507 0.000000 15 1
0.000000 11714506.640839 0.000000 15 12
0.000000 11979291.719630 0.000000 15 7
0.000000 11963799.278722 0.000000 15 3
0.000000 13522215.388374 0.000000 15 2
0.000000 10938586.168793 0.000000 14 12
0.000000 10069104.943742 0.000000 15 16
0.000000 11979291.719630 0.000000 15 7
0.000000 11933256.915126 0.000000 15 8
0.000000 10531873.445689 0.000000 15 11
0.000000 13522215.388374 0.000000 15 2
0.000000 9402169.074721 0.000000 14 16
0.000000 11933256.915126 0.000000 15 8
0.000000 12375198.828191 0.000000 15 5
0.000000 9299696.329539 0.000000 15 14
0.000000 9935482.584307 0.000000 15 9
0.000000 10198990.044387 0.000000 14 13
0.000000 9916413.864780 0.000000 15 10
0.000000 10913344.542750 0.000000 15 6
0.000000 9396795.208168 0.000000 15 15
0.000000 9916413.864780 0.000000 15 10
0.000000 9299696.329539 0.000000 15 14
0.000000 13083190.567075 0.000000 15 19
0.000000 10922447.815600 0.000000 15 13
0.000000 12505406.561850 0.000000 16 0
0.000000 10069104.943742 0.000000 15 16
0.000000 9396795.208168 0.000000 15 15
0.000000 11714506.640839 0.000000 15 12
0.000000 10069104.943742 0.000000 15 16
0.000000 9869692.642542 0.000000 15 17
0.000000 10531873.445689 0.000000 15 11
0.000000 10922447.815600 0.000000 15 13
0.000000 13083190.567075 0.000000 15 19
0.000000 11944471.654684 0.000000 16 3
0.000000 12458978.996761 0.000000 16 4
0.000000 12355206.584529 0.000000 16 5
0.000000 9869692.642542 0.000000 15 17
0.000000 14745873.240450 0.000000 15 18
0.000000 9869692.642542 0.000000 15 17
0.000000 14602112.101399 0.000000 16 1
0.000000 12505406.561850 0.000000 16 0
0.000000 10895713.937670 0.000000 16 6
0.000000 13500370.129262 0.000000 16 2
0.000000 12505406.561850 0.000000 16 0
0.000000 14745873.240450 0.000000 15 18
0.000000 13083190.567075 0.000000 15 19
0.000000 11913978.632551 0.000000 16 8
0.000000 10904802.504107 0.000000 16 13
0.000000 9919431.723916 0.000000 16 9
0.000000 9919431.723916 0.000000 16 9
0.000000 14602112.101399 0.000000 16 1
0.000000 10895713.937670 0.000000 16 6
0.000000 11913978.632551 0.000000 16 8
0.000000 12355206.584529 0.000000 16 5
0.000000 13500370.129262 0.000000 16 2
0.000000 12458978.996761 0.000000 16 4
0.000000 9900393.810070 0.000000 16 10
0.000000 11944471.654684 0.000000 16 3
0.000000 11959939.067413 0.000000 16 7
0.000000 9381614.602009 0.000000 16 15
0.000000 11959939.067413 0.000000 16 7
0.000000 13062054.556468 0.000000 16 19
0.000000 9853748.066383 0.000000 16 17
0.000000 9381614.602009 0.000000 16 15
0.000000 14722051.151211 0.000000 16 18
0.000000 14745873.240450 0.000000 15 18
0.000000 10052838.215229 0.000000 16 16
0.000000 11695581.751277 0.000000 16 12
0.000000 12600100.118101 0.000000 17 4
0.000000 14722051.151211 0.000000 16 18
0.000000 11695581.751277 0.000000 16 12
0.000000 12079765.022950 0.000000 17 3
0.000000 9284672.587480 0.000000 16 14
0.000000 11959939.067413 0.000000 16 7
0.000000 10514859.110562 0.000000 16 11
0.000000 14602112.101399 0.000000 16 1
0.000000 9284672.587480 0.000000 16 14
0.000000 10514859.110562 0.000000 16 11
0.000000 9919431.723916 0.000000 16 9
0.000000 9381614.602009 0.000000 16 15
0.000000 13653286.943044 0.000000 17 2
0.000000 12495152.290167 0.000000 17 5
0.000000 11944471.654684 0.000000 16 3
0.000000 9900393.810070 0.000000 16 10
0.000000 11695581.751277 0.000000 16 12
0.000000 11019128.173226 0.000000 17 6
0.000000 10904802.504107 0.000000 16 13
0.000000 13062054.556468 0.000000 16 19
0.000000 10904802.504107 0.000000 16 13
0.000000 9900393.810070 0.000000 16 10
0.000000 9284672.587480 0.000000 16 14
0.000000 10052838.215229 0.000000 16 16
0.000000 10052838.215229 0.000000 16 16
0.000000 12355206.584529 0.000000 16 5
0.000000 10895713.937670 0.000000 16 6
0.000000 13500370.129262 0.000000 16 2
0.000000 14722051.151211 0.000000 16 18
0.000000 12647053.561782 0.000000 17 0
0.000000 12079765.022950 0.000000 17 3
0.000000 12600100.118101 0.000000 17 4
0.000000 13653286.943044 0.000000 17 2
0.000000 9853748.066383 0.000000 16 17
0.000000 10514859.110562 0.000000 16 11
0.000000 12095407.632934 0.000000 17 7
0.000000 11913978.632551 0.000000 16 8
0.000000 12458978.996761 0.000000 16 4
0.000000 13062054.556468 0.000000 16 19
0.000000 14767508.193153 0.000000 17 1
0.000000 12495152.290167 0.000000 17 5
0.000000 12079765.022950 0.000000 17 3
0.000000 14767508.193153 0.000000 17 1
0.000000 11828055.978211 0.000000 17 12
0.000000 10633959.456451 0.000000 17 11
0.000000 12048926.610579 0.000000 17 8
0.000000 10031787.746649 0.000000 17 9
0.000000 9853748.066383 0.000000 16 17
0.000000 13653286.943044 0.000000 17 2
0.000000 10012534.193038 0.000000 17 10
0.000000 14767508.193153 0.000000 17 1
0.000000 12647053.561782 0.000000 17 0
0.000000 11028319.684558 0.000000 17 13
0.000000 11019128.173226 0.000000 17 6
0.000000 12647053.561782 0.000000 17 0
0.000000 12048926.610579 0.000000 17 8
0.000000 11019128.173226 0.000000 17 6
0.000000 10031787.746649 0.000000 17 9
0.000000 12600100.118101 0.000000 17 4
0.000000 10633959.456451 0.000000 17 11
0.000000 11028319.684558 0.000000 17 13
0.000000 10012534.193038 0.000000 17 10
0.000000 11828055.978211 0.000000 17 12
0.000000 13210006.630714 0.000000 17 19
0.000000 10633959.456451 0.000000 17 11
0.000000 9487878.845123 0.000000 17 15
0.000000 13210006.630714 0.000000 17 19
0.000000 9389838.781887 0.000000 17 14
0.000000 20154695.183456 0.000000 18 1
0.000000 10166705.314818 0.000000 17 16
0.000000 9965360.099498 0.000000 17 17
0.000000 10166705.314818 0.000000 17 16
0.000000 12095407.632934 0.000000 17 7
0.000000 10031787.746649 0.000000 17 9
0.000000 9487878.845123 0.000000 17 15
0.000000 11028319.684558 0.000000 17 13
0.000000 11828055.978211 0.000000 17 12
0.000000 9389838.781887 0.000000 17 14
0.000000 13210006.630714 0.000000 17 19
0.000000 14888805.775881 0.000000 17 18
0.000000 10012534.193038 0.000000 17 10
0.000000 9965360.099498 0.000000 17 17
0.000000 17260698.702071 0.000000 18 0
0.000000 12095407.632934 0.000000 17 7
0.000000 9487878.845123 0.000000 17 15
0.000000 14888805.775881 0.000000 17 18
0.000000 12495152.290167 0.000000 17 5
0.000000 16486463.303616 0.000000 18 3
0.000000 12048926.610579 0.000000 17 8
0.000000 9389838.781887 0.000000 17 14
0.000000 17196616.641420 0.000000 18 4
0.000000 18634006.019824 0.000000 18 2
0.000000 17053383.845221 0.000000 18 5
0.000000 14888805.775881 0.000000 17 18
0.000000 10166705.314818 0.000000 17 16
0.000000 20154695.183456 0.000000 18 1
0.000000 14716916.938190 0.000000 19 4
0.000000 9965360.099498 0.000000 17 17
0.000000 17260698.702071 0.000000 18 0
0.000000 14594337.874739 0.000000 19 5
0.000000 12870341.706566 0.000000 19 6
0.000000 17260698.702071 0.000000 18 0
0.000000 14109165.546941 0.000000 19 3
0.000000 15051450.704959 0.000000 18 13
0.000000 13875519.415714 0.000000 18 16
0.000000 14771758.560751 0.000000 19 0
0.000000 13815169.382231 0.000000 19 12
0.000000 16486463.303616 0.000000 18 3
0.000000 11694639.937561 0.000000 19 10
0.000000 17196616.641420 0.000000 18 4
0.000000 13600723.463813 0.000000 18 17
0.000000 16507812.338507 0.000000 18 7
0.000000 15947039.149767 0.000000 19 2
0.000000 17196616.641420 0.000000 18 4
0.000000 15038906.131336 0.000000 18 6
0.000000 12870341.706566 0.000000 19 6
0.000000 13665106.666859 0.000000 18 10
0.000000 12420464.644789 0.000000 19 11
0.000000 14594337.874739 0.000000 19 5
0.000000 17248449.569702 0.000000 19 1
0.000000 14771758.560751 0.000000 19 0
0.000000 13600723.463813 0.000000 18 17
0.000000 16444375.037775 0.000000 18 8
0.000000 12949057.049377 0.000000 18 15
0.000000 18029017.050071 0.000000 18 19
0.000000 16444375.037775 0.000000 18 8
0.000000 17248449.569702 0.000000 19 1
0.000000 15038906.131336 0.000000 18 6
0.000000 14109165.546941 0.000000 19 3
0.000000 13875519.415714 0.000000 18 16
0.000000 17053383.845221 0.000000 18 5
0.000000 15051450.704959 0.000000 18 13
0.000000 18634006.019824 0.000000 18 2
0.000000 16142930.798367 0.000000 18 12
0.000000 13665106.666859 0.000000 18 10
0.000000 13875519.415714 0.000000 18 16
0.000000 12815251.971129 0.000000 18 14
0.000000 12815251.971129 0.000000 18 14
0.000000 17248449.569702 0.000000 19 1
0.000000 12949057.049377 0.000000 18 15
0.000000 14073146.280998 0.000000 19 8
0.000000 14771758.560751 0.000000 19 0
0.000000 10967331.697985 0.000000 19 14
0.000000 14513227.865412 0.000000 18 11
0.000000 12881077.391321 0.000000 19 13
0.000000 14513227.865412 0.000000 18 11
0.000000 18634006.019824 0.000000 18 2
0.000000 16507812.338507 0.000000 18 7
0.000000 14127436.115764 0.000000 19 7
0.000000 15038906.131336 0.000000 18 6
0.000000 15947039.149767 0.000000 19 2
0.000000 13815169.382231 0.000000 19 12
0.000000 18029017.050071 0.000000 18 19
0.000000 16507812.338507 0.000000 18 7
0.000000 20154695.183456 0.000000 18 1
0.000000 11639540.596222 0.000000 19 17
0.000000 11717128.087645 0.000000 19 9
0.000000 12870341.706566 0.000000 19 6
0.000000 20320242.120378 0.000000 18 18
0.000000 13691383.915668 0.000000 18 9
0.000000 11717128.087645 0.000000 19 9
0.000000 14716916.938190 0.000000 19 4
0.000000 11694639.937561 0.000000 19 10
0.000000 16486463.303616 0.000000 18 3
0.000000 11081842.491819 0.000000 19 15
0.000000 16142930.798367 0.000000 18 12
0.000000 17390125.145595 0.000000 19 18
0.000000 11874711.808652 0.000000 19 16
0.000000 14073146.280998 0.000000 19 8
0.000000 15947039.149767 0.000000 19 2
0.000000 12881077.391321 0.000000 19 13
0.000000 12420464.644789 0.000000 19 11
0.000000 11874711.808652 0.000000 19 16
0.000000 10967331.697985 0.000000 19 14
0.000000 12881077.391321 0.000000 19 13
0.000000 18029017.050071 0.000000 18 19
0.000000 16142930.798367 0.000000 18 12
0.000000 16444375.037775 0.000000 18 8
0.000000 14127436.115764 0.000000 19 7
0.000000 17053383.845221 0.000000 18 5
0.000000 20320242.120378 0.000000 18 18
0.000000 12420464.644789 0.000000 19 11
0.000000 14127436.115764 0.000000 19 7
0.000000 12949057.049377 0.000000 18 15
0.000000 11081842.491819 0.000000 19 15
0.000000 15429287.744396 0.000000 19 19
0.000000 10967331.697985 0.000000 19 14
0.000000 14073146.280998 0.000000 19 8
0.000000 13665106.666859 0.000000 18 10
0.000000 11717128.087645 0.000000 19 9
0.000000 13691383.915668 0.000000 18 9
0.000000 15051450.704959 0.000000 18 13
0.000000 11694639.937561 0.000000 19 10
0.000000 14594337.874739 0.000000 19 5
0.000000 11639540.596222 0.000000 19 17
0.000000 12815251.971129 0.000000 18 14
0.000000 14716916.938190 0.000000 19 4
0.000000 13815169.382231 0.000000 19 12
0.000000 13691383.915668 0.000000 18 9
0.000000 14109165.546941 0.000000 19 3
0.000000 17390125.145595 0.000000 19 18
0.000000 13600723.463813 0.000000 18 17
0.000000 11874711.808652 0.000000 19 16
0.000000 20320242.120378 0.000000 18 18
0.000000 15429287.744396 0.000000 19 19
0.000000 14513227.865412 0.000000 18 11
0.000000 11639540.596222 0.000000 19 17
0.000000 15429287.744396 0.000000 19 19
0.000000 11081842.491819 0.000000 19 15
0.000000 17390125.145595 0.000000 19 18
0.000000 0.000000 223357674.018827 19 19
0.000000 0.000000 223357674.018827 19 19
0.000000 0.000000 223357674.018827 19 19
0.000000 0.000000 179069573.277794 12 12
0.000000 0.000000 127110331.909899 17 17
0.000000 0.000000 144738820.503278 11 11
0.000000 0.000000 179069573.277794 12 12
0.000000 0.000000 199838167.808575 5 5
0.000000 0.000000 132298428.422739 16 16
0.000000 0.000000 144738820.503278 11 11
0.000000 0.000000 203209037.196418 4 4
0.000000 0.000000 128810759.066330 9 9
0.000000 0.000000 127110331.909899 17 17
0.000000 0.000000 115221396.814313 15 15
0.000000 0.000000 127110331.909899 17 17
0.000000 0.000000 132298428.422739 16 16
0.000000 0.000000 112852511.979604 14 14
0.000000 0.000000 128810759.066330 9 9
0.000000 0.000000 279132639.081158 1 1
0.000000 0.000000 204726683.089415 0 0
0.000000 0.000000 128316700.307885 10 10
0.000000 0.000000 185819730.355057 8 8
0.000000 0.000000 199838167.808575 5 5
0.000000 0.000000 199838167.808575 5 5
0.000000 0.000000 186772103.315440 3 3
0.000000 0.000000 185819730.355057 8 8
0.000000 0.000000 179069573.277794 12 12
0.000000 0.000000 238599835.933298 2 2
0.000000 0.000000 186772103.315440 3 3
0.000000 0.000000 115221396.814313 15 15
0.000000 0.000000 128810759.066330 9 9
0.000000 0.000000 144738820.503278 11 11
0.000000 0.000000 187256122.678338 7 7
0.000000 0.000000 155413765.412198 6 6
0.000000 0.000000 112852511.979604 14 14
0.000000 0.000000 203209037.196418 4 4
0.000000 0.000000 203209037.196418 4 4
0.000000 0.000000 132298428.422739 16 16
0.000000 0.000000 279132639.081158 1 1
0.000000 0.000000 238599835.933298 2 2
0.000000 0.000000 204726683.089415 0 0
0.000000 0.000000 155673200.924289 13 13
0.000000 0.000000 187256122.678338 7 7
0.000000 0.000000 279132639.081158 1 1
0.000000 0.000000 204726683.089415 0 0
0.000000 0.000000 283736999.525087 18 18
0.000000 0.000000 115221396.814313 15 15
0.000000 0.000000 128316700.307885 10 10
0.000000 0.000000 155413765.412198 6 6
0.000000 0.000000 155673200.924289 13 13
0.000000 0.000000 283736999.525087 18 18
0.000000 0.000000 155673200.924289 13 13
0.000000 0.000000 187256122.678338 7 7
0.000000 0.000000 186772103.315440 3 3
0.000000 0.000000 128316700.307885 10 10
0.000000 0.000000 112852511.979604 14 14
0.000000 0.000000 238599835.933298 2 2
0.000000 0.000000 283736999.525087 18 18
0.000000 0.000000 185819730.355057 8 8
0.000000 0.000000 155413765.412198 6 6
0.000000 0.000000 427693213.659477 0 19
0.000000 0.000000 499401934.683865 1 19
0.000000 0.000000 461721626.741924 2 19
0.000000 0.000000 427693213.659477 0 19
0.000000 0.000000 447157539.709893 1 12
0.000000 0.000000 404548763.998049 0 5
0.000000 0.000000 391606446.486970 0 7
0.000000 0.000000 427693213.659477 0 19
0.000000 0.000000 478119597.155741 0 1
0.000000 0.000000 391099992.739011 0 3
0.000000 0.000000 391099992.739011 0 3
0.000000 0.000000 408508866.878484 3 19
0.000000 0.000000 376738655.321036 1 17
0.000000 0.000000 407946601.527058 0 4
0.000000 0.000000 391606446.486970 0 7
0.000000 0.000000 324793744.181820 0 9
0.000000 0.000000 455507515.124408 1 8
0.000000 0.000000 304009711.322485 0 14
0.000000 0.000000 344289932.732767 0 11
0.000000 0.000000 407946601.527058 0 4
0.000000 0.000000 356760332.383339 0 6
0.000000 0.000000 404548763.998049 0 5
0.000000 0.000000 382950546.678493 0 12
0.000000 0.000000 390101556.439820 0 8
0.000000 0.000000 390101556.439820 0 8
0.000000 0.000000 499401934.683865 1 19
0.000000 0.000000 408508866.878484 3 19
0.000000 0.000000 379249940.459560 1 9
0.000000 0.000000 422763701.373640 2 7
0.000000 0.000000 482046780.757585 0 18
0.000000 0.000000 382950546.678493 0 12
0.000000 0.000000 416923654.244496 1 13
0.000000 0.000000 322643054.441916 0 17
0.000000 0.000000 322643054.441916 0 17
0.000000 0.000000 382950546.678493 0 12
0.000000 0.000000 307183902.631534 0 15
0.000000 0.000000 461721626.741924 2 19
0.000000 0.000000 357057918.692800 0 13
0.000000 0.000000 324170385.215002 0 10
0.000000 0.000000 499401934.683865 1 19
0.000000 0.000000 307183902.631534 0 15
0.000000 0.000000 344289932.732767 0 11
0.000000 0.000000 457264718.964303 1 7
0.000000 0.000000 324170385.215002 0 10
0.000000 0.000000 407946601.527058 0 4
0.000000 0.000000 324793744.181820 0 9
0.000000 0.000000 457264718.964303 1 7
0.000000 0.000000 461721626.741924 2 19
0.000000 0.000000 356760332.383339 0 6
0.000000 0.000000 455507515.124408 1 8
0.000000 0.000000 442045058.603095 0 2
0.000000 0.000000 344289932.732767 0 11
0.000000 0.000000 391099992.739011 0 3
0.000000 0.000000 379249940.459560 1 9
0.000000 0.000000 482046780.757585 0 18
0.000000 0.000000 402014933.824522 1 11
0.000000 0.000000 310224994.926241 3 9
0.000000 0.000000 355435822.026054 4 6
0.000000 0.000000 349962247.087230 2 10
0.000000 0.000000 378522064.603528 1 10
0.000000 0.000000 357057918.692800 0 13
0.000000 0.000000 404548763.998049 0 5
0.000000 0.000000 350635204.438170 2 9
0.000000 0.000000 322966869.263492 4 10
0.000000 0.000000 422763701.373640 2 7
0.000000 0.000000 348313397.501591 2 17
0.000000 0.000000 304009711.322485 0 14
0.000000 0.000000 562868635.837390 1 18
0.000000 0.000000 388653264.408253 4 8
0.000000 0.000000 455507515.124408 1 8
0.000000 0.000000 390152568.654228 4 7
0.000000 0.000000 390101556.439820 0 8
0.000000 0.000000 391606446.486970 0 7
0.000000 0.000000 349962247.087230 2 10
0.000000 0.000000 422763701.373640 2 7
0.000000 0.000000 378522064.603528 1 10
0.000000 0.000000 442045058.603095 0 2
0.000000 0.000000 442045058.603095 0 2
0.000000 0.000000 476344529.828755 1 4
0.000000 0.000000 331624275.420741 2 15
0.000000 0.000000 478119597.155741 0 1
0.000000 0.000000 307183902.631534 0 15
0.000000 0.000000 421139078.676124 2 8
0.000000 0.000000 379249940.459560 1 9
0.000000 0.000000 520399711.021890 2 18
0.000000 0.000000 324170385.215002 0 10
0.000000 0.000000 413419116.388749 2 12
0.000000 0.000000 341041946.246893 3 13
0.000000 0.000000 478119597.155741 0 1
0.000000 0.000000 355350899.120908 2 16
0.000000 0.000000 350635204.438170 2 9
0.000000 0.000000 354981175.424777 1 14
0.000000 0.000000 402014933.824522 1 11
0.000000 0.000000 384350474.318350 1 16
0.000000 0.000000 447157539.709893 1 12
0.000000 0.000000 356760332.383339 0 6
0.000000 0.000000 413419116.388749 2 12
0.000000 0.000000 456673355.051965 1 3
0.000000 0.000000 408508866.878484 3 19
0.000000 0.000000 329161899.102362 0 16
0.000000 0.000000 456673355.051965 1 3
0.000000 0.000000 482046780.757585 0 18
0.000000 0.000000 304009711.322485 0 14
0.000000 0.000000 340757706.760516 3 6
0.000000 0.000000 371682559.426758 2 11
0.000000 0.000000 348313397.501591 2 17
0.000000 0.000000 314397212.385580 3 16
0.000000 0.000000 354981175.424777 1 14
0.000000 0.000000 421139078.676124 2 8
0.000000 0.000000 472376994.470434 1 5
0.000000 0.000000 388653264.408253 4 8
0.000000 0.000000 349962247.087230 2 10
0.000000 0.000000 355350899.120908 2 16
0.000000 0.000000 416576169.354165 1 6
0.000000 0.000000 354981175.424777 1 14
0.000000 0.000000 329161899.102362 0 16
0.000000 0.000000 323587916.542994 4 9
0.000000 0.000000 516160069.198430 1 2
0.000000 0.000000 350635204.438170 2 9
0.000000 0.000000 322966869.263492 4 10
0.000000 0.000000 385466403.279121 2 13
0.000000 0.000000 374040785.218986 3 7
0.000000 0.000000 416576169.354165 1 6
0.000000 0.000000 328846672.475985 3 11
0.000000 0.000000 328197539.004286 2 14
0.000000 0.000000 348313397.501591 2 17
0.000000 0.000000 416576169.354165 1 6
0.000000 0.000000 324793744.181820 0 9
0.000000 0.000000 322966869.263492 4 10
0.000000 0.000000 322643054.441916 0 17
0.000000 0.000000 340757706.760516 3 6
0.000000 0.000000 290373238.403879 3 14
0.000000 0.000000 374040785.218986 3 7
0.000000 0.000000 310224994.926241 3 9
0.000000 0.000000 562868635.837390 1 18
0.000000 0.000000 520399711.021890 2 18
0.000000 0.000000 447157539.709893 1 12
0.000000 0.000000 355435822.026054 4 6
0.000000 0.000000 421139078.676124 2 8
0.000000 0.000000 355350899.120908 2 16
0.000000 0.000000 371682559.426758 2 11
0.000000 0.000000 372603397.914808 3 8
0.000000 0.000000 314397212.385580 3 16
0.000000 0.000000 388653264.408253 4 8
0.000000 0.000000 384350474.318350 1 16
0.000000 0.000000 436735743.719041 2 5
0.000000 0.000000 378522064.603528 1 10
0.000000 0.000000 416923654.244496 1 13
0.000000 0.000000 457264718.964303 1 7
0.000000 0.000000 358687562.459297 1 15
0.000000 0.000000 355435822.026054 4 6
0.000000 0.000000 374040785.218986 3 7
0.000000 0.000000 436735743.719041 2 5
0.000000 0.000000 328846672.475985 3 11
0.000000 0.000000 372603397.914808 3 8
0.000000 0.000000 328197539.004286 2 14
0.000000 0.000000 323587916.542994 4 9
0.000000 0.000000 520399711.021890 2 18
0.000000 0.000000 384350474.318350 1 16
0.000000 0.000000 385466403.279121 2 13
0.000000 0.000000 403046834.660357 4 5
0.000000 0.000000 390152568.654228 4 7
0.000000 0.000000 416923654.244496 1 13
0.000000 0.000000 358687562.459297 1 15
0.000000 0.000000 308170773.737090 3 17
0.000000 0.000000 358687562.459297 1 15
0.000000 0.000000 309629593.552518 3 10
0.000000 0.000000 460424383.961132 3 18
0.000000 0.000000 331624275.420741 2 15
0.000000 0.000000 371682559.426758 2 11
0.000000 0.000000 385466403.279121 2 13
0.000000 0.000000 310224994.926241 3 9
0.000000 0.000000 308170773.737090 3 17
0.000000 0.000000 413419116.388749 2 12
0.000000 0.000000 376738655.321036 1 17
0.000000 0.000000 385145137.864704 2 6
0.000000 0.000000 308170773.737090 3 17
0.000000 0.000000 357057918.692800 0 13
0.000000 0.000000 376738655.321036 1 17
0.000000 0.000000 340757706.760516 3 6
0.000000 0.000000 516160069.198430 1 2
0.000000 0.000000 386402568.838142 3 5
0.000000 0.000000 309629593.552518 3 10
0.000000 0.000000 476344529.828755 1 4
0.000000 0.000000 323587916.542994 4 9
0.000000 0.000000 472376994.470434 1 5
0.000000 0.000000 472376994.470434 1 5
0.000000 0.000000 331624275.420741 2 15
0.000000 0.000000 290373238.403879 3 14
0.000000 0.000000 329161899.102362 0 16
0.000000 0.000000 385145137.864704 2 6
0.000000 0.000000 314397212.385580 3 16
0.000000 0.000000 365773151.457608 3 12
0.000000 0.000000 460424383.961132 3 18
0.000000 0.000000 403046834.660357 4 5
0.000000 0.000000 402014933.824522 1 11
0.000000 0.000000 341041946.246893 3 13
0.000000 0.000000 290373238.403879 3 14
0.000000 0.000000 440403924.202015 2 4
0.000000 0.000000 456673355.051965 1 3
0.000000 0.000000 365773151.457608 3 12
0.000000 0.000000 440403924.202015 2 4
0.000000 0.000000 422216955.809760 2 3
0.000000 0.000000 386402568.838142 3 5
0.000000 0.000000 436735743.719041 2 5
0.000000 0.000000 328197539.004286 2 14
0.000000 0.000000 328846672.475985 3 11
0.000000 0.000000 365773151.457608 3 12
0.000000 0.000000 390152568.654228 4 7
0.000000 0.000000 562868635.837390 1 18
0.000000 0.000000 309629593.552518 3 10
0.000000 0.000000 476344529.828755 1 4
0.000000 0.000000 389647995.605460 3 4
0.000000 0.000000 341041946.246893 3 13
0.000000 0.000000 386402568.838142 3 5
0.000000 0.000000 460424383.961132 3 18
0.000000 0.000000 385145137.864704 2 6
0.000000 0.000000 389647995.605460 3 4
0.000000 0.000000 372603397.914808 3 8
0.000000 0.000000 422216955.809760 2 3
0.000000 0.000000 422216955.809760 2 3
0.000000 0.000000 516160069.198430 1 2
0.000000 0.000000 293405048.916764 3 15
0.000000 0.000000 293405048.916764 3 15
0.000000 0.000000 403046834.660357 4 5
0.000000 0.000000 440403924.202015 2 4
0.000000 0.000000 389647995.605460 3 4
0.000000 0.000000 293405048.916764 3 15
0.000000 0.000000 343011722.218529 4 11
0.000000 0.000000 343011722.218529 4 11
0.000000 0.000000 343011722.218529 4 11
0.000000 0.000000 340154735.090626 5 11
0.000000 0.000000 355732304.819594 4 13
0.000000 0.000000 302881046.500264 4 14
0.000000 0.000000 385416124.009739 5 8
0.000000 0.000000 426105359.908190 4 19
0.000000 0.000000 300358311.690218 5 14
0.000000 0.000000 327939851.781828 4 16
0.000000 0.000000 321445209.539298 4 17
0.000000 0.000000 426105359.908190 4 19
0.000000 0.000000 302881046.500264 4 14
0.000000 0.000000 355732304.819594 4 13
0.000000 0.000000 306043451.539126 4 15
0.000000 0.000000 320892712.427680 5 9
0.000000 0.000000 320892712.427680 5 9
0.000000 0.000000 306043451.539126 4 15
0.000000 0.000000 386902938.641822 5 7
0.000000 0.000000 381528804.077469 4 12
0.000000 0.000000 480257135.158335 4 18
0.000000 0.000000 300358311.690218 5 14
0.000000 0.000000 321445209.539298 4 17
0.000000 0.000000 385416124.009739 5 8
0.000000 0.000000 320276837.642412 5 10
0.000000 0.000000 386902938.641822 5 7
0.000000 0.000000 355732304.819594 4 13
0.000000 0.000000 381528804.077469 4 12
0.000000 0.000000 327939851.781828 4 16
0.000000 0.000000 426105359.908190 4 19
0.000000 0.000000 381528804.077469 4 12
0.000000 0.000000 306043451.539126 4 15
0.000000 0.000000 320276837.642412 5 10
0.000000 0.000000 378351004.614439 5 12
0.000000 0.000000 325208399.197879 5 16
0.000000 0.000000 480257135.158335 4 18
0.000000 0.000000 340154735.090626 5 11
0.000000 0.000000 352475353.391971 5 6
0.000000 0.000000 386902938.641822 5 7
0.000000 0.000000 321445209.539298 4 17
0.000000 0.000000 480257135.158335 4 18
0.000000 0.000000 378351004.614439 5 12
0.000000 0.000000 302881046.500264 4 14
0.000000 0.000000 352769365.699161 5 13
0.000000 0.000000 320892712.427680 5 9
0.000000 0.000000 352769365.699161 5 13
0.000000 0.000000 385416124.009739 5 8
0.000000 0.000000 327939851.781828 4 16
0.000000 0.000000 340154735.090626 5 11
0.000000 0.000000 378351004.614439 5 12
0.000000 0.000000 325208399.197879 5 16
0.000000 0.000000 303494377.179108 5 15
704639.000000 0.000000 0.000000 0 1
0.000000 0.000000 320276837.642412 5 10
0.000000 0.000000 300358311.690218 5 14
593806.000000 0.000000 0.000000 0 3
646391.000000 0.000000 0.000000 0 2
0.000000 0.000000 325208399.197879 5 16
0.000000 0.000000 352769365.699161 5 13
0.000000 0.000000 303494377.179108 5 15
0.000000 0.000000 352475353.391971 5 6
616458.000000 0.000000 0.000000 0 5
741853.000000 0.000000 0.000000 0 4
0.000000 0.000000 352475353.391971 5 6
704639.000000 0.000000 0.000000 0 1
549311.000000 0.000000 0.000000 0 7
562255.000000 0.000000 0.000000 0 6
646391.000000 0.000000 0.000000 0 2
593806.000000 0.000000 0.000000 0 3
704639.000000 0.000000 0.000000 0 1
470838.000000 0.000000 0.000000 0 9
568727.000000 0.000000 0.000000 0 8
741853.000000 0.000000 0.000000 0 4
616458.000000 0.000000 0.000000 0 5
646391.000000 0.000000 0.000000 0 2
515333.000000 0.000000 0.000000 0 10
534749.000000 0.000000 0.000000 0 11
562255.000000 0.000000 0.000000 0 6
549311.000000 0.000000 0.000000 0 7
593806.000000 0.000000 0.000000 0 3
609177.000000 0.000000 0.000000 0 12
568727.000000 0.000000 0.000000 0 8
595424.000000 0.000000 0.000000 0 13
470838.000000 0.000000 0.000000 0 9
0.000000 0.000000 303494377.179108 5 15
741853.000000 0.000000 0.000000 0 4
467602.000000 0.000000 0.000000 0 14
500771.000000 0.000000 0.000000 0 15
515333.000000 0.000000 0.000000 0 10
534749.000000 0.000000 0.000000 0 11
562255.000000 0.000000 0.000000 0 6
616458.000000 0.000000 0.000000 0 5
505625.000000 0.000000 0.000000 0 17
499962.000000 0.000000 0.000000 0 16
609177.000000 0.000000 0.000000 0 12
595424.000000 0.000000 0.000000 0 13
568727.000000 0.000000 0.000000 0 8
549311.000000 0.000000 0.000000 0 7
590570.000000 0.000000 0.000000 0 19
467602.000000 0.000000 0.000000 0 14
690077.000000 0.000000 0.000000 0 18
470838.000000 0.000000 0.000000 0 9
500771.000000 0.000000 0.000000 0 15
515333.000000 0.000000 0.000000 0 10
639314.000000 0.000000 0.000000 1 3
695929.000000 0.000000 0.000000 1 2
499962.000000 0.000000 0.000000 0 16
505625.000000 0.000000 0.000000 0 17
609177.000000 0.000000 0.000000 0 12
534749.000000 0.000000 0.000000 0 11
690077.000000 0.000000 0.000000 0 18
663702.000000 0.000000 0.000000 1 5
798707.000000 0.000000 0.000000 1 4
0.000000 0.000000 422556275.164347 5 19
0.000000 0.000000 372640655.777109 6 19
590570.000000 0.000000 0.000000 0 19
467602.000000 0.000000 0.000000 0 14
595424.000000 0.000000 0.000000 0 13
605345.000000 0.000000 0.000000 1 6
591409.000000 0.000000 0.000000 1 7
500771.000000 0.000000 0.000000 0 15
695929.000000 0.000000 0.000000 1 2
639314.000000 0.000000 0.000000 1 3
690077.000000 0.000000 0.000000 0 18
505625.000000 0.000000 0.000000 0 17
499962.000000 0.000000 0.000000 0 16
506922.000000 0.000000 0.000000 1 9
612313.000000 0.000000 0.000000 1 8
798707.000000 0.000000 0.000000 1 4
590570.000000 0.000000 0.000000 0 19
663702.000000 0.000000 0.000000 1 5
695929.000000 0.000000 0.000000 1 2
639314.000000 0.000000 0.000000 1 3
798707.000000 0.000000 0.000000 1 4
554827.000000 0.000000 0.000000 1 10
575731.000000 0.000000 0.000000 1 11
663702.000000 0.000000 0.000000 1 5
605345.000000 0.000000 0.000000 1 6
591409.000000 0.000000 0.000000 1 7
612313.000000 0.000000 0.000000 1 8
605345.000000 0.000000 0.000000 1 6
591409.000000 0.000000 0.000000 1 7
655863.000000 0.000000 0.000000 1 12
641056.000000 0.000000 0.000000 1 13
612313.000000 0.000000 0.000000 1 8
506922.000000 0.000000 0.000000 1 9
554827.000000 0.000000 0.000000 1 10
575731.000000 0.000000 0.000000 1 11
655863.000000 0.000000 0.000000 1 12
506922.000000 0.000000 0.000000 1 9
503438.000000 0.000000 0.000000 1 14
539149.000000 0.000000 0.000000 1 15
554827.000000 0.000000 0.000000 1 10
641056.000000 0.000000 0.000000 1 13
575731.000000 0.000000 0.000000 1 11
538278.000000 0.000000 0.000000 1 16
539149.000000 0.000000 0.000000 1 15
503438.000000 0.000000 0.000000 1 14
538278.000000 0.000000 0.000000 1 16
0.000000 0.000000 318767850.333304 5 17
544375.000000 0.000000 0.000000 1 17
655863.000000 0.000000 0.000000 1 12
544375.000000 0.000000 0.000000 1 17
0.000000 0.000000 267643272.079208 6 15
641056.000000 0.000000 0.000000 1 13
586466.000000 0.000000 0.000000 2 3
635830.000000 0.000000 0.000000 1 19
742963.000000 0.000000 0.000000 1 18
635830.000000 0.000000 0.000000 1 19
742963.000000 0.000000 0.000000 1 18
503438.000000 0.000000 0.000000 1 14
555305.000000 0.000000 0.000000 2 6
608838.000000 0.000000 0.000000 2 5
732683.000000 0.000000 0.000000 2 4
0.000000 0.000000 282986381.241315 6 9
561697.000000 0.000000 0.000000 2 8
542521.000000 0.000000 0.000000 2 7
465018.000000 0.000000 0.000000 2 9
539149.000000 0.000000 0.000000 1 15
586466.000000 0.000000 0.000000 2 3
538278.000000 0.000000 0.000000 1 16
732683.000000 0.000000 0.000000 2 4
0.000000 0.000000 333657254.865776 6 12
508963.000000 0.000000 0.000000 2 10
601647.000000 0.000000 0.000000 2 12
528139.000000 0.000000 0.000000 2 11
588064.000000 0.000000 0.000000 2 13
0.000000 0.000000 341198968.243716 6 7
0.000000 0.000000 422556275.164347 5 19
544375.000000 0.000000 0.000000 1 17
0.000000 0.000000 303760760.325297 9 12
494581.000000 0.000000 0.000000 2 15
461822.000000 0.000000 0.000000 2 14
493782.000000 0.000000 0.000000 2 16
0.000000 0.000000 286792266.450361 6 16
0.000000 0.000000 282443258.494124 6 10
0.000000 0.000000 366246805.544490 7 12
555305.000000 0.000000 0.000000 2 6
608838.000000 0.000000 0.000000 2 5
635830.000000 0.000000 0.000000 1 19
742963.000000 0.000000 0.000000 1 18
499375.000000 0.000000 0.000000 2 17
583270.000000 0.000000 0.000000 2 19
559308.000000 0.000000 0.000000 3 5
510130.000000 0.000000 0.000000 3 6
681547.000000 0.000000 0.000000 2 18
673078.000000 0.000000 0.000000 3 4
0.000000 0.000000 341483576.654693 7 13
0.000000 0.000000 399996664.900594 12 19
586466.000000 0.000000 0.000000 2 3
427188.000000 0.000000 0.000000 3 9
467558.000000 0.000000 0.000000 3 10
0.000000 0.000000 281112524.874876 6 17
516002.000000 0.000000 0.000000 3 8
540224.000000 0.000000 0.000000 3 13
485174.000000 0.000000 0.000000 3 11
498386.000000 0.000000 0.000000 3 7
552702.000000 0.000000 0.000000 3 12
542521.000000 0.000000 0.000000 2 7
561697.000000 0.000000 0.000000 2 8
0.000000 0.000000 359615168.221804 11 19
0.000000 0.000000 338600047.503201 10 19
454346.000000 0.000000 0.000000 3 15
458750.000000 0.000000 0.000000 3 17
732683.000000 0.000000 0.000000 2 4
608838.000000 0.000000 0.000000 2 5
535820.000000 0.000000 0.000000 3 19
0.000000 0.000000 341198968.243716 6 7
424252.000000 0.000000 0.000000 3 14
453612.000000 0.000000 0.000000 3 16
626102.000000 0.000000 0.000000 3 18
0.000000 0.000000 311097517.842793 6 13
555305.000000 0.000000 0.000000 2 6
0.000000 0.000000 310030547.333872 7 10
530026.000000 0.000000 0.000000 4 14
584129.000000 0.000000 0.000000 4 10
606137.000000 0.000000 0.000000 4 11
674912.000000 0.000000 0.000000 4 13
690501.000000 0.000000 0.000000 4 12
637315.000000 0.000000 0.000000 4 6
533694.000000 0.000000 0.000000 4 9
622643.000000 0.000000 0.000000 4 7
698754.000000 0.000000 0.000000 4 5
644651.000000 0.000000 0.000000 4 8
0.000000 0.000000 282986381.241315 6 9
465018.000000 0.000000 0.000000 2 9
0.000000 0.000000 476257014.929706 5 18
508963.000000 0.000000 0.000000 2 10
561697.000000 0.000000 0.000000 2 8
542521.000000 0.000000 0.000000 2 7
529590.000000 0.000000 0.000000 5 6
0.000000 0.000000 264877663.138471 6 14
566706.000000 0.000000 0.000000 4 16
573125.000000 0.000000 0.000000 4 17
782201.000000 0.000000 0.000000 4 18
535686.000000 0.000000 0.000000 5 8
567623.000000 0.000000 0.000000 4 15
517398.000000 0.000000 0.000000 5 7
528139.000000 0.000000 0.000000 2 11
669410.000000 0.000000 0.000000 4 19
0.000000 0.000000 422556275.164347 5 19
465018.000000 0.000000 0.000000 2 9
471678.000000 0.000000 0.000000 5 15
0.000000 0.000000 318767850.333304 5 17
471905.000000 0.000000 0.000000 6 7
440436.000000 0.000000 0.000000 5 14
443484.000000 0.000000 0.000000 5 9
503682.000000 0.000000 0.000000 5 11
649986.000000 0.000000 0.000000 5 18
556260.000000 0.000000 0.000000 5 19
560832.000000 0.000000 0.000000 5 13
470916.000000 0.000000 0.000000 5 16
476250.000000 0.000000 0.000000 5 17
485394.000000 0.000000 0.000000 5 10
573786.000000 0.000000 0.000000 5 12
588064.000000 0.000000 0.000000 2 13
461822.000000 0.000000 0.000000 2 14
494581.000000 0.000000 0.000000 2 15
601647.000000 0.000000 0.000000 2 12
0.000000 0.000000 260593880.187289 10 16
0.000000 0.000000 299973023.614190 6 11
528139.000000 0.000000 0.000000 2 11
508963.000000 0.000000 0.000000 2 10
0.000000 0.000000 310626720.091997 7 9
0.000000 0.000000 372640655.777109 6 19
430205.000000 0.000000 0.000000 6 15
404490.000000 0.000000 0.000000 6 9
0.000000 0.000000 264877663.138471 6 14
488585.000000 0.000000 0.000000 6 8
459395.000000 0.000000 0.000000 6 11
401710.000000 0.000000 0.000000 6 14
523335.000000 0.000000 0.000000 6 12
511520.000000 0.000000 0.000000 6 13
442715.000000 0.000000 0.000000 6 10
0.000000 0.000000 476257014.929706 5 18
0.000000 0.000000 419997849.128752 6 18
493782.000000 0.000000 0.000000 2 16
0.000000 0.000000 339887786.860376 6 8
499375.000000 0.000000 0.000000 2 17
681547.000000 0.000000 0.000000 2 18
601647.000000 0.000000 0.000000 2 12
588064.000000 0.000000 0.000000 2 13
0.000000 0.000000 282678856.537990 10 13
434375.000000 0.000000 0.000000 6 17
0.000000 0.000000 283222432.215626 9 13
0.000000 0.000000 313594588.067064 8 16
477337.000000 0.000000 0.000000 7 8
511287.000000 0.000000 0.000000 7 12
507350.000000 0.000000 0.000000 6 19
448819.000000 0.000000 0.000000 7 11
392462.000000 0.000000 0.000000 7 14
395178.000000 0.000000 0.000000 7 9
429510.000000 0.000000 0.000000 6 16
420301.000000 0.000000 0.000000 7 15
499744.000000 0.000000 0.000000 7 13
432523.000000 0.000000 0.000000 7 10
592835.000000 0.000000 0.000000 6 18
0.000000 0.000000 281112524.874876 6 17
583270.000000 0.000000 0.000000 2 19
559308.000000 0.000000 0.000000 3 5
673078.000000 0.000000 0.000000 3 4
510130.000000 0.000000 0.000000 3 6
461822.000000 0.000000 0.000000 2 14
499375.000000 0.000000 0.000000 2 17
0.000000 0.000000 407465986.261984 8 19
494581.000000 0.000000 0.000000 2 15
0.000000 0.000000 366246805.544490 7 12
493782.000000 0.000000 0.000000 2 16
0.000000 0.000000 311097517.842793 6 13
0.000000 0.000000 264877663.138471 6 14
0.000000 0.000000 333657254.865776 6 12
0.000000 0.000000 282443258.494124 6 10
0.000000 0.000000 372640655.777109 6 19
435157.000000 0.000000 0.000000 8 15
0.000000 0.000000 409037861.962589 7 19
464683.000000 0.000000 0.000000 8 11
517408.000000 0.000000 0.000000 8 13
0.000000 0.000000 240681169.565374 10 14
406334.000000 0.000000 0.000000 8 14
434454.000000 0.000000 0.000000 8 16
0.000000 0.000000 329272510.184940 7 11
419622.000000 0.000000 0.000000 7 16
409146.000000 0.000000 0.000000 8 9
439375.000000 0.000000 0.000000 8 17
579187.000000 0.000000 0.000000 7 18
447811.000000 0.000000 0.000000 8 10
529359.000000 0.000000 0.000000 8 12
495670.000000 0.000000 0.000000 7 19
424375.000000 0.000000 0.000000 7 17
516002.000000 0.000000 0.000000 3 8
427188.000000 0.000000 0.000000 3 9
498386.000000 0.000000 0.000000 3 7
0.000000 0.000000 329272510.184940 7 11
673078.000000 0.000000 0.000000 3 4
583270.000000 0.000000 0.000000 2 19
681547.000000 0.000000 0.000000 2 18
513190.000000 0.000000 0.000000 8 19
336396.000000 0.000000 0.000000 9 14
384702.000000 0.000000 0.000000 9 11
363750.000000 0.000000 0.000000 9 17
428352.000000 0.000000 0.000000 9 13
360258.000000 0.000000 0.000000 9 15
496446.000000 0.000000 0.000000 9 18
359676.000000 0.000000 0.000000 9 16
468832.000000 0.000000 0.000000 10 13
479661.000000 0.000000 0.000000 10 12
421057.000000 0.000000 0.000000 10 11
438246.000000 0.000000 0.000000 9 12
424252.000000 0.000000 0.000000 3 14
370734.000000 0.000000 0.000000 9 10
424860.000000 0.000000 0.000000 9 19
599659.000000 0.000000 0.000000 8 18
0.000000 0.000000 282986381.241315 6 9
454346.000000 0.000000 0.000000 3 15
453612.000000 0.000000 0.000000 3 16
485174.000000 0.000000 0.000000 3 11
467558.000000 0.000000 0.000000 3 10
0.000000 0.000000 339887786.860376 6 8
458750.000000 0.000000 0.000000 3 17
552702.000000 0.000000 0.000000 3 12
540224.000000 0.000000 0.000000 3 13
0.000000 0.000000 318767850.333304 5 17
552702.000000 0.000000 0.000000 3 12
485174.000000 0.000000 0.000000 3 11
427188.000000 0.000000 0.000000 3 9
498386.000000 0.000000 0.000000 3 7
559308.000000 0.000000 0.000000 3 5
510130.000000 0.000000 0.000000 3 6
467558.000000 0.000000 0.000000 3 10
516002.000000 0.000000 0.000000 3 8
540224.000000 0.000000 0.000000 3 13
0.000000 0.000000 255432982.044048 10 17
0.000000 0.000000 419997849.128752 6 18
0.000000 0.000000 303177766.743999 10 12
497733.000000 0.000000 0.000000 11 12
382058.000000 0.000000 0.000000 11 14
0.000000 0.000000 282443258.494124 6 10
409159.000000 0.000000 0.000000 11 15
393666.000000 0.000000 0.000000 10 16
368186.000000 0.000000 0.000000 10 14
394303.000000 0.000000 0.000000 10 15
563833.000000 0.000000 0.000000 11 18
398125.000000 0.000000 0.000000 10 17
486496.000000 0.000000 0.000000 11 13
413125.000000 0.000000 0.000000 11 17
543361.000000 0.000000 0.000000 10 18
0.000000 0.000000 286792266.450361 6 16
482530.000000 0.000000 0.000000 11 19
465010.000000 0.000000 0.000000 10 19
408498.000000 0.000000 0.000000 11 16
626102.000000 0.000000 0.000000 3 18
535820.000000 0.000000 0.000000 3 19
637315.000000 0.000000 0.000000 4 6
698754.000000 0.000000 0.000000 4 5
0.000000 0.000000 286792266.450361 6 16
0.000000 0.000000 333657254.865776 6 12
454346.000000 0.000000 0.000000 3 15
453612.000000 0.000000 0.000000 3 16
424252.000000 0.000000 0.000000 3 14
0.000000 0.000000 333935570.903420 12 13
0.000000 0.000000 366246805.544490 7 12
357782.000000 0.000000 0.000000 14 15
549690.000000 0.000000 0.000000 12 19
0.000000 0.000000 341198968.243716 6 7
455584.000000 0.000000 0.000000 13 15
361250.000000 0.000000 0.000000 14 17
357204.000000 0.000000 0.000000 14 16
470625.000000 0.000000 0.000000 12 17
425408.000000 0.000000 0.000000 13 14
460000.000000 0.000000 0.000000 13 17
554208.000000 0.000000 0.000000 12 13
466107.000000 0.000000 0.000000 12 15
0.000000 0.000000 381631173.337111 10 18
627808.000000 0.000000 0.000000 13 18
454848.000000 0.000000 0.000000 13 16
537280.000000 0.000000 0.000000 13 19
435234.000000 0.000000 0.000000 12 14
465354.000000 0.000000 0.000000 12 16
642309.000000 0.000000 0.000000 12 18
622643.000000 0.000000 0.000000 4 7
566706.000000 0.000000 0.000000 4 16
0.000000 0.000000 243194140.629496 10 15
0.000000 0.000000 341483576.654693 7 13
0.000000 0.000000 476257014.929706 5 18
644651.000000 0.000000 0.000000 4 8
533694.000000 0.000000 0.000000 4 9
584129.000000 0.000000 0.000000 4 10
606137.000000 0.000000 0.000000 4 11
530026.000000 0.000000 0.000000 4 14
567623.000000 0.000000 0.000000 4 15
674912.000000 0.000000 0.000000 4 13
690501.000000 0.000000 0.000000 4 12
0.000000 0.000000 364839368.693763 8 12
0.000000 0.000000 373085897.771558 7 8
637315.000000 0.000000 0.000000 4 6
644651.000000 0.000000 0.000000 4 8
493034.000000 0.000000 0.000000 14 18
451140.000000 0.000000 0.000000 16 19
456250.000000 0.000000 0.000000 17 19
622643.000000 0.000000 0.000000 4 7
386250.000000 0.000000 0.000000 16 17
458750.000000 0.000000 0.000000 3 17
584129.000000 0.000000 0.000000 4 10
535820.000000 0.000000 0.000000 3 19
622690.000000 0.000000 0.000000 18 19
382542.000000 0.000000 0.000000 15 16
533125.000000 0.000000 0.000000 17 18
451870.000000 0.000000 0.000000 15 19
690501.000000 0.000000 0.000000 4 12
626102.000000 0.000000 0.000000 3 18
698754.000000 0.000000 0.000000 4 5
527154.000000 0.000000 0.000000 16 18
606137.000000 0.000000 0.000000 4 11
386875.000000 0.000000 0.000000 15 17
533694.000000 0.000000 0.000000 4 9
421940.000000 0.000000 0.000000 14 19
528007.000000 0.000000 0.000000 15 18
0.000000 0.000000 267643272.079208 6 15
529590.000000 0.000000 0.000000 5 6
573125.000000 0.000000 0.000000 4 17
782201.000000 0.000000 0.000000 4 18
517398.000000 0.000000 0.000000 5 7
535686.000000 0.000000 0.000000 5 8
669410.000000 0.000000 0.000000 4 19
0.000000 0.000000 273094717.629037 9 11
0.000000 0.000000 338600047.503201 10 19
0.000000 0.000000 310030547.333872 7 10
0.000000 0.000000 340171301.815204 8 13
0.000000 0.000000 308839142.453259 8 10
573125.000000 0.000000 0.000000 4 17
674912.000000 0.000000 0.000000 4 13
567623.000000 0.000000 0.000000 4 15
530026.000000 0.000000 0.000000 4 14
566706.000000 0.000000 0.000000 4 16
782201.000000 0.000000 0.000000 4 18
0.000000 0.000000 409037861.962589 7 19
0.000000 0.000000 293784990.736593 7 15
0.000000 0.000000 338600047.503201 10 19
0.000000 0.000000 292656015.132574 8 15
440436.000000 0.000000 0.000000 5 14
0.000000 0.000000 340171301.815204 8 13
0.000000 0.000000 290749254.689927 7 14
560832.000000 0.000000 0.000000 5 13
471905.000000 0.000000 0.000000 6 7
0.000000 0.000000 289631944.991586 8 14
503682.000000 0.000000 0.000000 5 11
488585.000000 0.000000 0.000000 6 8
0.000000 0.000000 399996664.900594 12 19
470916.000000 0.000000 0.000000 5 16
556260.000000 0.000000 0.000000 5 19
485394.000000 0.000000 0.000000 5 10
471678.000000 0.000000 0.000000 5 15
443484.000000 0.000000 0.000000 5 9
649986.000000 0.000000 0.000000 5 18
0.000000 0.000000 328007160.801107 8 11
573786.000000 0.000000 0.000000 5 12
476250.000000 0.000000 0.000000 5 17
440436.000000 0.000000 0.000000 5 14
0.000000 0.000000 272570579.324855 10 11
0.000000 0.000000 299973023.614190 6 11
503682.000000 0.000000 0.000000 5 11
0.000000 0.000000 450830406.807344 12 18
0.000000 0.000000 308569836.134230 7 17
535686.000000 0.000000 0.000000 5 8
560832.000000 0.000000 0.000000 5 13
485394.000000 0.000000 0.000000 5 10
529590.000000 0.000000 0.000000 5 6
443484.000000 0.000000 0.000000 5 9
517398.000000 0.000000 0.000000 5 7
471678.000000 0.000000 0.000000 5 15
573786.000000 0.000000 0.000000 5 12
669410.000000 0.000000 0.000000 4 19
0.000000 0.000000 267643272.079208 6 15
0.000000 0.000000 310626720.091997 7 9
0.000000 0.000000 260593880.187289 10 16
0.000000 0.000000 314804339.077058 7 16
442715.000000 0.000000 0.000000 6 10
511520.000000 0.000000 0.000000 6 13
0.000000 0.000000 405317008.804478 11 18
434375.000000 0.000000 0.000000 6 17
404490.000000 0.000000 0.000000 6 9
401710.000000 0.000000 0.000000 6 14
459395.000000 0.000000 0.000000 6 11
430205.000000 0.000000 0.000000 6 15
429510.000000 0.000000 0.000000 6 16
523335.000000 0.000000 0.000000 6 12
0.000000 0.000000 293784990.736593 7 15
0.000000 0.000000 314804339.077058 7 16
0.000000 0.000000 314804339.077058 7 16
0.000000 0.000000 407465986.261984 8 19
476250.000000 0.000000 0.000000 5 17
470916.000000 0.000000 0.000000 5 16
556260.000000 0.000000 0.000000 5 19
404490.000000 0.000000 0.000000 6 9
649986.000000 0.000000 0.000000 5 18
0.000000 0.000000 328007160.801107 8 11
488585.000000 0.000000 0.000000 6 8
471905.000000 0.000000 0.000000 6 7
0.000000 0.000000 289631944.991586 8 14
0.000000 0.000000 329272510.184940 7 11
0.000000 0.000000 283222432.215626 9 13
0.000000 0.000000 257135661.178462 9 10
0.000000 0.000000 339887786.860376 6 8
0.000000 0.000000 341483576.654693 7 13
442715.000000 0.000000 0.000000 6 10
395178.000000 0.000000 0.000000 7 9
448819.000000 0.000000 0.000000 7 11
409146.000000 0.000000 0.000000 8 9
0.000000 0.000000 313594588.067064 8 16
435157.000000 0.000000 0.000000 8 15
0.000000 0.000000 419997849.128752 6 18
401710.000000 0.000000 0.000000 6 14
511287.000000 0.000000 0.000000 7 12
419622.000000 0.000000 0.000000 7 16
511287.000000 0.000000 0.000000 7 12
448819.000000 0.000000 0.000000 7 11
430205.000000 0.000000 0.000000 6 15
434375.000000 0.000000 0.000000 6 17
499744.000000 0.000000 0.000000 7 13
392462.000000 0.000000 0.000000 7 14
495670.000000 0.000000 0.000000 7 19
429510.000000 0.000000 0.000000 6 16
432523.000000 0.000000 0.000000 7 10
499744.000000 0.000000 0.000000 7 13
507350.000000 0.000000 0.000000 6 19
477337.000000 0.000000 0.000000 7 8
424375.000000 0.000000 0.000000 7 17
447811.000000 0.000000 0.000000 8 10
406334.000000 0.000000 0.000000 8 14
592835.000000 0.000000 0.000000 6 18
0.000000 0.000000 339251156.215530 9 19
464683.000000 0.000000 0.000000 8 11
529359.000000 0.000000 0.000000 8 12
420301.000000 0.000000 0.000000 7 15
517408.000000 0.000000 0.000000 8 13
507350.000000 0.000000 0.000000 6 19
395178.000000 0.000000 0.000000 7 9
523335.000000 0.000000 0.000000 6 12
432523.000000 0.000000 0.000000 7 10
459395.000000 0.000000 0.000000 6 11
592835.000000 0.000000 0.000000 6 18
511520.000000 0.000000 0.000000 6 13
0.000000 0.000000 307384045.109035 8 17
579187.000000 0.000000 0.000000 7 18
477337.000000 0.000000 0.000000 7 8
0.000000 0.000000 290749254.689927 7 14
428352.000000 0.000000 0.000000 9 13
434454.000000 0.000000 0.000000 8 16
360258.000000 0.000000 0.000000 9 15
438246.000000 0.000000 0.000000 9 12
0.000000 0.000000 409037861.962589 7 19
336396.000000 0.000000 0.000000 9 14
384702.000000 0.000000 0.000000 9 11
0.000000 0.000000 258287920.079495 11 15
370734.000000 0.000000 0.000000 9 10
599659.000000 0.000000 0.000000 8 18
439375.000000 0.000000 0.000000 8 17
513190.000000 0.000000 0.000000 8 19
0.000000 0.000000 303760760.325297 9 12
0.000000 0.000000 364839368.693763 8 12
392462.000000 0.000000 0.000000 7 14
0.000000 0.000000 290749254.689927 7 14
0.000000 0.000000 407465986.261984 8 19
420301.000000 0.000000 0.000000 7 15
409146.000000 0.000000 0.000000 8 9
0.000000 0.000000 311097517.842793 6 13
447811.000000 0.000000 0.000000 8 10
495670.000000 0.000000 0.000000 7 19
529359.000000 0.000000 0.000000 8 12
464683.000000 0.000000 0.000000 8 11
419622.000000 0.000000 0.000000 7 16
579187.000000 0.000000 0.000000 7 18
424375.000000 0.000000 0.000000 7 17
363750.000000 0.000000 0.000000 9 17
359676.000000 0.000000 0.000000 9 16
0.000000 0.000000 293784990.736593 7 15
0.000000 0.000000 328007160.801107 8 11
0.000000 0.000000 299973023.614190 6 11
0.000000 0.000000 373085897.771558 7 8
435157.000000 0.000000 0.000000 8 15
0.000000 0.000000 310030547.333872 7 10
434454.000000 0.000000 0.000000 8 16
0.000000 0.000000 261094987.763403 9 16
360258.000000 0.000000 0.000000 9 15
336396.000000 0.000000 0.000000 9 14
384702.000000 0.000000 0.000000 9 11
359676.000000 0.000000 0.000000 9 16
438246.000000 0.000000 0.000000 9 12
370734.000000 0.000000 0.000000 9 10
0.000000 0.000000 303760760.325297 9 12
363750.000000 0.000000 0.000000 9 17
599659.000000 0.000000 0.000000 8 18
406334.000000 0.000000 0.000000 8 14
439375.000000 0.000000 0.000000 8 17
513190.000000 0.000000 0.000000 8 19
428352.000000 0.000000 0.000000 9 13
517408.000000 0.000000 0.000000 8 13
0.000000 0.000000 261094987.763403 9 16
0.000000 0.000000 339251156.215530 9 19
0.000000 0.000000 241143987.194565 9 14
393666.000000 0.000000 0.000000 10 16
0.000000 0.000000 364839368.693763 8 12
408498.000000 0.000000 0.000000 11 16
421057.000000 0.000000 0.000000 10 11
468832.000000 0.000000 0.000000 10 13
0.000000 0.000000 340171301.815204 8 13
543361.000000 0.000000 0.000000 10 18
421057.000000 0.000000 0.000000 10 11
454848.000000 0.000000 0.000000 13 16
409159.000000 0.000000 0.000000 11 15
497733.000000 0.000000 0.000000 11 12
466107.000000 0.000000 0.000000 12 15
563833.000000 0.000000 0.000000 11 18
0.000000 0.000000 321994413.749777 11 12
368186.000000 0.000000 0.000000 10 14
465010.000000 0.000000 0.000000 10 19
479661.000000 0.000000 0.000000 10 12
465354.000000 0.000000 0.000000 12 16
413125.000000 0.000000 0.000000 11 17
424860.000000 0.000000 0.000000 9 19
408498.000000 0.000000 0.000000 11 16
393666.000000 0.000000 0.000000 10 16
382058.000000 0.000000 0.000000 11 14
357204.000000 0.000000 0.000000 14 16
482530.000000 0.000000 0.000000 11 19
394303.000000 0.000000 0.000000 10 15
486496.000000 0.000000 0.000000 11 13
563833.000000 0.000000 0.000000 11 18
398125.000000 0.000000 0.000000 10 17
496446.000000 0.000000 0.000000 9 18
0.000000 0.000000 260593880.187289 10 16
368186.000000 0.000000 0.000000 10 14
470625.000000 0.000000 0.000000 12 17
357782.000000 0.000000 0.000000 14 15
398125.000000 0.000000 0.000000 10 17
486496.000000 0.000000 0.000000 11 13
425408.000000 0.000000 0.000000 13 14
382058.000000 0.000000 0.000000 11 14
549690.000000 0.000000 0.000000 12 19
455584.000000 0.000000 0.000000 13 15
361250.000000 0.000000 0.000000 14 17
460000.000000 0.000000 0.000000 13 17
413125.000000 0.000000 0.000000 11 17
435234.000000 0.000000 0.000000 12 14
468832.000000 0.000000 0.000000 10 13
0.000000 0.000000 255924167.567190 9 17
554208.000000 0.000000 0.000000 12 13
543361.000000 0.000000 0.000000 10 18
0.000000 0.000000 243661790.168468 9 15
424860.000000 0.000000 0.000000 9 19
0.000000 0.000000 255432982.044048 10 17
479661.000000 0.000000 0.000000 10 12
537280.000000 0.000000 0.000000 13 19
465010.000000 0.000000 0.000000 10 19
642309.000000 0.000000 0.000000 12 18
497733.000000 0.000000 0.000000 11 12
421940.000000 0.000000 0.000000 14 19
409159.000000 0.000000 0.000000 11 15
394303.000000 0.000000 0.000000 10 15
627808.000000 0.000000 0.000000 13 18
496446.000000 0.000000 0.000000 9 18
0.000000 0.000000 339251156.215530 9 19
493034.000000 0.000000 0.000000 14 18
0.000000 0.000000 282678856.537990 10 13
435234.000000 0.000000 0.000000 12 14
465354.000000 0.000000 0.000000 12 16
455584.000000 0.000000 0.000000 13 15
361250.000000 0.000000 0.000000 14 17
482530.000000 0.000000 0.000000 11 19
357204.000000 0.000000 0.000000 14 16
460000.000000 0.000000 0.000000 13 17
554208.000000 0.000000 0.000000 12 13
466107.000000 0.000000 0.000000 12 15
0.000000 0.000000 359615168.221804 11 19
0.000000 0.000000 281112524.874876 6 17
454848.000000 0.000000 0.000000 13 16
549690.000000 0.000000 0.000000 12 19
470625.000000 0.000000 0.000000 12 17
425408.000000 0.000000 0.000000 13 14
537280.000000 0.000000 0.000000 13 19
357782.000000 0.000000 0.000000 14 15
627808.000000 0.000000 0.000000 13 18
642309.000000 0.000000 0.000000 12 18
421940.000000 0.000000 0.000000 14 19
386875.000000 0.000000 0.000000 15 17
493034.000000 0.000000 0.000000 14 18
382542.000000 0.000000 0.000000 15 16
0.000000 0.000000 310626720.091997 7 9
0.000000 0.000000 307384045.109035 8 17
0.000000 0.000000 255924167.567190 9 17
0.000000 0.000000 241143987.194565 9 14
0.000000 0.000000 240681169.565374 10 14
0.000000 0.000000 292656015.132574 8 15
382542.000000 0.000000 0.000000 15 16
0.000000 0.000000 243661790.168468 9 15
451140.000000 0.000000 0.000000 16 19
386875.000000 0.000000 0.000000 15 17
527154.000000 0.000000 0.000000 16 18
528007.000000 0.000000 0.000000 15 18
451870.000000 0.000000 0.000000 15 19
533125.000000 0.000000 0.000000 17 18
456250.000000 0.000000 0.000000 17 19
386250.000000 0.000000 0.000000 16 17
622690.000000 0.000000 0.000000 18 19
0.000000 0.000000 255924167.567190 9 17
0.000000 0.000000 272570579.324855 10 11
0.000000 0.000000 276767570.859222 11 16
0.000000 0.000000 308569836.134230 7 17
0.000000 0.000000 273094717.629037 9 11
0.000000 0.000000 261094987.763403 9 16
0.000000 0.000000 308569836.134230 7 17
456250.000000 0.000000 0.000000 17 19
386250.000000 0.000000 0.000000 16 17
528007.000000 0.000000 0.000000 15 18
451870.000000 0.000000 0.000000 15 19
533125.000000 0.000000 0.000000 17 18
451140.000000 0.000000 0.000000 16 19
622690.000000 0.000000 0.000000 18 19
527154.000000 0.000000 0.000000 16 18
0.000000 0.000000 313594588.067064 8 16
0.000000 0.000000 307384045.109035 8 17
0.000000 0.000000 399996664.900594 12 19
0.000000 0.000000 461020606.417523 7 18
0.000000 0.000000 271286361.553783 11 17
0.000000 0.000000 459248966.489245 8 18
0.000000 0.000000 300223242.574129 11 13
0.000000 0.000000 241143987.194565 9 14
0.000000 0.000000 381631173.337111 10 18
0.000000 0.000000 289631944.991586 8 14
0.000000 0.000000 276767570.859222 11 16
0.000000 0.000000 307846040.834975 12 16
0.000000 0.000000 255618982.766472 11 14
0.000000 0.000000 359615168.221804 11 19
0.000000 0.000000 381631173.337111 10 18
0.000000 0.000000 300223242.574129 11 13
0.000000 0.000000 271286361.553783 11 17
0.000000 0.000000 273094717.629037 9 11
0.000000 0.000000 461020606.417523 7 18
0.000000 0.000000 255618982.766472 11 14
0.000000 0.000000 307846040.834975 12 16
0.000000 0.000000 309433022.380252 8 9
0.000000 0.000000 300223242.574129 11 13
0.000000 0.000000 243194140.629496 10 15
0.000000 0.000000 373085897.771558 7 8
0.000000 0.000000 292656015.132574 8 15
0.000000 0.000000 283222432.215626 9 13
0.000000 0.000000 240681169.565374 10 14
0.000000 0.000000 243661790.168468 9 15
0.000000 0.000000 301749341.332768 12 17
0.000000 0.000000 307846040.834975 12 16
0.000000 0.000000 321994413.749777 11 12
0.000000 0.000000 255432982.044048 10 17
0.000000 0.000000 243194140.629496 10 15
0.000000 0.000000 258287920.079495 11 15
0.000000 0.000000 382365028.550723 9 18
0.000000 0.000000 382365028.550723 9 18
0.000000 0.000000 309433022.380252 8 9
0.000000 0.000000 255618982.766472 11 14
0.000000 0.000000 284322660.283205 12 14
0.000000 0.000000 301749341.332768 12 17
0.000000 0.000000 303177766.743999 10 12
0.000000 0.000000 308839142.453259 8 10
0.000000 0.000000 258287920.079495 11 15
0.000000 0.000000 333935570.903420 12 13
0.000000 0.000000 276767570.859222 11 16
0.000000 0.000000 284322660.283205 12 14
0.000000 0.000000 287291295.587029 12 15
0.000000 0.000000 321994413.749777 11 12
0.000000 0.000000 459248966.489245 8 18
0.000000 0.000000 282678856.537990 10 13
0.000000 0.000000 450830406.807344 12 18
0.000000 0.000000 287291295.587029 12 15
0.000000 0.000000 459248966.489245 8 18
0.000000 0.000000 301749341.332768 12 17
0.000000 0.000000 257135661.178462 9 10
0.000000 0.000000 272570579.324855 10 11
0.000000 0.000000 309433022.380252 8 9
0.000000 0.000000 461020606.417523 7 18
0.000000 0.000000 450830406.807344 12 18
0.000000 0.000000 257135661.178462 9 10
0.000000 0.000000 382365028.550723 9 18
0.000000 0.000000 271286361.553783 11 17
0.000000 0.000000 287031491.647310 13 16
0.000000 0.000000 405317008.804478 11 18
0.000000 0.000000 405317008.804478 11 18
0.000000 0.000000 308839142.453259 8 10
0.000000 0.000000 333935570.903420 12 13
0.000000 0.000000 284322660.283205 12 14
0.000000 0.000000 303177766.743999 10 12
0.000000 0.000000 287291295.587029 12 15
0.000000 0.000000 265098609.130255 13 14
0.000000 0.000000 265098609.130255 13 14
0.000000 0.000000 267866524.663143 13 15
0.000000 0.000000 267866524.663143 13 15
0.000000 0.000000 267866524.663143 13 15
0.000000 0.000000 287031491.647310 13 16
0.000000 0.000000 265098609.130255 13 14
0.000000 0.000000 287031491.647310 13 16
0.000000 0.000000 372951491.512077 13 19
0.000000 0.000000 281347012.489145 13 17
0.000000 0.000000 281347012.489145 13 17
0.000000 0.000000 372951491.512077 13 19
0.000000 0.000000 281347012.489145 13 17
0.000000 0.000000 317541970.260432 14 19
0.000000 0.000000 317541970.260432 14 19
0.000000 0.000000 372951491.512077 13 19
0.000000 0.000000 320857452.440247 15 19
0.000000 0.000000 420348184.245536 13 18
0.000000 0.000000 228069511.571384 14 15
0.000000 0.000000 317541970.260432 14 19
0.000000 0.000000 320857452.440247 15 19
0.000000 0.000000 343813745.748000 16 19
0.000000 0.000000 357896921.566692 14 18
0.000000 0.000000 228069511.571384 14 15
0.000000 0.000000 337004731.355587 17 19
0.000000 0.000000 343813745.748000 16 19
0.000000 0.000000 420348184.245536 13 18
0.000000 0.000000 239547198.487994 14 17
0.000000 0.000000 228069511.571384 14 15
0.000000 0.000000 320857452.440247 15 19
0.000000 0.000000 343813745.748000 16 19
0.000000 0.000000 357896921.566692 14 18
0.000000 0.000000 357896921.566692 14 18
0.000000 0.000000 244387133.650556 14 16
0.000000 0.000000 420348184.245536 13 18
0.000000 0.000000 239547198.487994 14 17
0.000000 0.000000 239547198.487994 14 17
0.000000 0.000000 244387133.650556 14 16
0.000000 0.000000 242048329.321759 15 17
0.000000 0.000000 246938797.700196 15 16
0.000000 0.000000 387507458.649919 16 18
0.000000 0.000000 361633754.830874 15 18
0.000000 0.000000 244387133.650556 14 16
0.000000 0.000000 337004731.355587 17 19
0.000000 0.000000 337004731.355587 17 19
0.000000 0.000000 246938797.700196 15 16
0.000000 0.000000 361633754.830874 15 18
0.000000 0.000000 503503931.750606 18 19
0.000000 0.000000 259366090.956657 16 17
0.000000 0.000000 242048329.321759 15 17
0.000000 0.000000 387507458.649919 16 18
0.000000 0.000000 259366090.956657 16 17
0.000000 0.000000 242048329.321759 15 17
0.000000 0.000000 246938797.700196 15 16
0.000000 0.000000 259366090.956657 16 17
0.000000 0.000000 361633754.830874 15 18
0.000000 0.000000 503503931.750606 18 19
0.000000 0.000000 379833117.169621 17 18
0.000000 0.000000 387507458.649919 16 18
0.000000 0.000000 379833117.169621 17 18
0.000000 0.000000 379833117.169621 17 18
0.000000 0.000000 503503931.750606 18 19
