801753.694384 0.000000 0.000000 0 0
703386.714922 0.000000 0.000000 3 3
841872.926994 0.000000 0.000000 6 6
666979.035565 0.000000 0.000000 7 7
1041877.719870 0.000000 0.000000 4 4
704303.579425 0.000000 0.000000 16 16
782976.377625 0.000000 0.000000 12 12
756855.655037 0.000000 0.000000 5 5
660889.637053 0.000000 0.000000 9 9
778284.279412 0.000000 0.000000 11 11
896045.150747 0.000000 0.000000 13 13
540025.447160 0.000000 0.000000 19 19
653819.039995 0.000000 0.000000 8 8
696637.293390 0.000000 0.000000 1 1
702448.134653 0.000000 0.000000 2 2
844973.141878 0.000000 0.000000 17 17
792132.501641 0.000000 0.000000 14 14
843435.783190 0.000000 0.000000 10 10
669124.799779 0.000000 0.000000 18 18
844346.994695 0.000000 0.000000 15 15
0.000000 40737875.772052 0.000000 0 2
0.000000 40683389.655186 0.000000 0 18
0.000000 37960984.376796 0.000000 2 5
0.000000 40636506.252301 0.000000 0 17
0.000000 40554143.517504 0.000000 0 5
0.000000 40099247.797625 0.000000 0 16
0.000000 37951495.613339 0.000000 2 3
0.000000 40398287.880888 0.000000 0 4
0.000000 37762114.381277 0.000000 1 1
0.000000 35147241.796186 0.000000 1 19
0.000000 37535176.116508 0.000000 2 16
0.000000 38004869.907787 0.000000 2 10
0.000000 38046383.247913 0.000000 2 15
0.000000 40544006.565529 0.000000 0 3
0.000000 37708194.250407 0.000000 0 19
0.000000 37884944.891194 0.000000 1 15
0.000000 40698595.083148 0.000000 0 13
0.000000 40812635.792868 0.000000 0 11
0.000000 37746301.103566 0.000000 2 9
0.000000 38202947.844960 0.000000 2 11
0.000000 37799908.384348 0.000000 1 5
0.000000 37584954.991988 0.000000 1 0
0.000000 37987697.336894 0.000000 1 8
0.000000 37742036.317158 0.000000 1 7
0.000000 37697671.190839 0.000000 2 12
0.000000 38132968.214461 0.000000 2 2
0.000000 40492054.686657 0.000000 0 7
0.000000 38040845.153667 0.000000 1 11
0.000000 37920376.769022 0.000000 1 18
0.000000 40513595.709604 0.000000 0 1
0.000000 40241165.125275 0.000000 0 14
0.000000 37876677.453034 0.000000 1 17
0.000000 40601026.920389 0.000000 0 10
0.000000 40323527.860072 0.000000 0 0
0.000000 40755615.438008 0.000000 0 8
0.000000 37508185.923297 0.000000 1 14
0.000000 37537712.488178 0.000000 1 12
0.000000 37923029.322966 0.000000 2 1
0.000000 40272843.100197 0.000000 0 12
0.000000 37790459.883580 0.000000 1 3
0.000000 40324794.979069 0.000000 0 9
0.000000 37745115.008133 0.000000 2 0
0.000000 37843331.047167 0.000000 3 4
0.000000 37960532.897226 0.000000 1 6
0.000000 37586136.054584 0.000000 1 9
0.000000 38122293.355572 0.000000 2 6
0.000000 38096199.256064 0.000000 2 13
0.000000 37375906.912628 0.000000 1 16
0.000000 37934549.520153 0.000000 1 13
0.000000 38149573.550512 0.000000 2 8
0.000000 40726471.701080 0.000000 0 6
0.000000 38081966.110878 0.000000 2 18
0.000000 37654637.685109 0.000000 1 4
0.000000 40645376.085280 0.000000 0 15
0.000000 37902865.700619 0.000000 2 7
0.000000 38038080.579887 0.000000 2 17
0.000000 37815094.638638 0.000000 2 4
0.000000 38150759.149810 0.000000 3 6
0.000000 37971162.460575 0.000000 1 2
0.000000 37843607.700395 0.000000 1 10
0.000000 37696145.392014 0.000000 3 14
0.000000 37773299.162781 0.000000 3 0
0.000000 35297014.030930 0.000000 2 19
0.000000 37931167.647922 0.000000 3 7
0.000000 37774486.143872 0.000000 3 9
0.000000 37668018.805030 0.000000 2 14
0.000000 37951346.326474 0.000000 3 1
0.000000 38124645.565802 0.000000 3 13
0.000000 38074792.359968 0.000000 3 15
0.000000 37725819.919139 0.000000 3 12
0.000000 38161441.979629 0.000000 3 2
0.000000 38033248.021773 0.000000 3 10
0.000000 38178059.714867 0.000000 3 8
0.000000 38231473.863843 0.000000 3 11
0.000000 37989329.721395 0.000000 3 5
0.000000 37979833.872665 0.000000 3 3
0.000000 35323370.199713 0.000000 3 19
0.000000 38066483.492329 0.000000 3 17
0.000000 37563203.510493 0.000000 3 16
0.000000 46437751.792276 0.000000 4 2
0.000000 45965430.024774 0.000000 4 0
0.000000 46182091.385965 0.000000 4 1
0.000000 46050650.160132 0.000000 4 4
0.000000 38110401.792706 0.000000 3 18
0.000000 39253827.037171 0.000000 5 4
0.000000 42984169.697473 0.000000 4 19
0.000000 46216757.203770 0.000000 4 3
0.000000 39656436.704966 0.000000 5 11
0.000000 46375642.202042 0.000000 4 18
0.000000 46522971.927705 0.000000 4 11
0.000000 39450822.593467 0.000000 5 10
0.000000 45907653.661856 0.000000 4 12
0.000000 45709769.618869 0.000000 4 16
0.000000 46157536.431686 0.000000 4 7
0.000000 39405267.371073 0.000000 5 5
0.000000 45871543.435059 0.000000 4 14
0.000000 46322199.066260 0.000000 4 17
0.000000 39181184.925787 0.000000 5 0
0.000000 39182416.148014 0.000000 5 9
0.000000 39572713.593715 0.000000 5 6
0.000000 39583794.593733 0.000000 5 2
0.000000 46281755.612154 0.000000 4 10
0.000000 46457973.519329 0.000000 4 8
0.000000 45966874.433847 0.000000 4 9
0.000000 39344937.481958 0.000000 5 7
0.000000 38645963.288380 0.000000 6 19
0.000000 46228312.476371 0.000000 4 5
0.000000 39365868.259814 0.000000 5 1
0.000000 39601031.704873 0.000000 5 8
0.000000 46332309.929786 0.000000 4 15
0.000000 39395417.593259 0.000000 5 3
0.000000 39493915.371361 0.000000 5 15
0.000000 41327636.536016 0.000000 6 9
0.000000 46392975.110945 0.000000 4 13
0.000000 39530852.038089 0.000000 5 18
0.000000 41750990.278943 0.000000 6 2
0.000000 41241926.882540 0.000000 6 14
0.000000 41647099.789881 0.000000 6 17
0.000000 41695149.141073 0.000000 6 18
0.000000 41610738.118710 0.000000 6 10
0.000000 36639942.251344 0.000000 5 19
0.000000 46424752.110599 0.000000 4 6
0.000000 41710732.714432 0.000000 6 13
0.000000 36785769.172705 0.000000 7 9
0.000000 37037758.163963 0.000000 7 10
0.000000 41274392.660372 0.000000 6 12
0.000000 41769171.114529 0.000000 6 8
0.000000 41827609.514627 0.000000 6 11
0.000000 38963258.591636 0.000000 5 16
0.000000 36784613.259901 0.000000 7 0
0.000000 39545626.704781 0.000000 5 13
0.000000 41499055.842968 0.000000 6 7
0.000000 39485296.815791 0.000000 5 17
0.000000 36958000.180491 0.000000 7 1
0.000000 39131936.036714 0.000000 5 12
0.000000 41521132.571894 0.000000 6 1
0.000000 41739302.598924 0.000000 6 6
0.000000 41656190.207674 0.000000 6 15
0.000000 37162596.746788 0.000000 7 2
0.000000 41402957.140586 0.000000 6 4
0.000000 37230795.602221 0.000000 7 11
0.000000 41326337.904903 0.000000 6 0
0.000000 36994989.390217 0.000000 7 5
0.000000 36852812.115332 0.000000 7 4
0.000000 37152193.531553 0.000000 7 6
0.000000 41096480.197853 0.000000 6 16
0.000000 41562688.767519 0.000000 6 5
0.000000 36985742.087785 0.000000 7 3
0.000000 36738376.747745 0.000000 7 12
0.000000 37178779.526043 0.000000 7 8
0.000000 36938349.662824 0.000000 7 7
0.000000 41552299.718612 0.000000 6 3
0.000000 36709478.927648 0.000000 7 14
0.000000 39101155.481042 0.000000 5 14
0.000000 37126763.449866 0.000000 7 13
0.000000 37070123.722473 0.000000 7 17
0.000000 36580016.693642 0.000000 7 16
0.000000 37112892.496219 0.000000 7 18
0.000000 37078215.112101 0.000000 7 15
0.000000 34398809.228857 0.000000 7 19
0.000000 36627293.235134 0.000000 8 5
0.000000 36590671.664089 0.000000 8 1
0.000000 36419008.049782 0.000000 8 0
0.000000 36687359.170532 0.000000 9 4
0.000000 36486529.071308 0.000000 8 4
0.000000 36619466.497961 0.000000 9 0
0.000000 36669636.926600 0.000000 8 10
0.000000 36618137.842385 0.000000 8 3
0.000000 36793234.728718 0.000000 8 2
0.000000 36860755.750245 0.000000 8 11
0.000000 36819692.345801 0.000000 9 3
0.000000 36420152.473875 0.000000 8 9
0.000000 36772512.692009 0.000000 9 7
0.000000 34056916.714260 0.000000 8 19
0.000000 36216444.985158 0.000000 8 16
0.000000 36792074.987484 0.000000 9 1
0.000000 36571216.454448 0.000000 8 7
0.000000 36373231.086039 0.000000 8 12
0.000000 36620617.221225 0.000000 9 9
0.000000 36995753.005037 0.000000 9 2
0.000000 36757757.581814 0.000000 8 13
0.000000 36809256.666029 0.000000 8 8
0.000000 36871474.892641 0.000000 9 10
0.000000 36344620.483701 0.000000 8 14
0.000000 36701680.801223 0.000000 8 17
0.000000 36828898.131907 0.000000 9 5
0.000000 36782934.911875 0.000000 8 6
0.000000 36709691.769879 0.000000 8 15
0.000000 37063645.677594 0.000000 9 11
0.000000 36744024.492690 0.000000 8 18
0.000000 34244373.678607 0.000000 9 19
0.000000 41366645.806091 0.000000 10 0
0.000000 36985396.495668 0.000000 9 6
0.000000 36573437.567428 0.000000 9 12
0.000000 36903695.143986 0.000000 9 17
0.000000 36911750.206823 0.000000 9 15
0.000000 37011863.130722 0.000000 9 8
0.000000 36544669.485838 0.000000 9 14
0.000000 36946271.904719 0.000000 9 18
0.000000 36415788.480272 0.000000 9 16
0.000000 36960080.583877 0.000000 9 13
0.000000 38683656.867825 0.000000 10 19
0.000000 41539532.205610 0.000000 10 7
0.000000 41282152.452943 0.000000 10 14
0.000000 41809910.935685 0.000000 10 8
0.000000 41136563.905980 0.000000 10 16
0.000000 41735816.764462 0.000000 10 18
0.000000 39963323.629818 0.000000 11 5
0.000000 41751415.537351 0.000000 10 13
0.000000 40009524.003999 0.000000 11 10
0.000000 40218050.017208 0.000000 11 11
0.000000 41367945.703832 0.000000 10 9
0.000000 41443339.772795 0.000000 10 4
0.000000 40161860.372945 0.000000 11 8
0.000000 39902139.350479 0.000000 11 7
0.000000 41603227.194907 0.000000 10 5
0.000000 41791712.367314 0.000000 10 2
0.000000 39923366.549412 0.000000 11 1
0.000000 41651323.411314 0.000000 10 10
0.000000 41696819.832240 0.000000 10 15
0.000000 40144379.150286 0.000000 11 2
0.000000 39737316.394044 0.000000 11 9
0.000000 41592828.012981 0.000000 10 3
0.000000 40133141.221431 0.000000 11 6
0.000000 39654904.915709 0.000000 11 14
0.000000 41314649.896462 0.000000 10 12
0.000000 39953334.359717 0.000000 11 3
0.000000 41561630.467203 0.000000 10 1
0.000000 41780013.287648 0.000000 10 6
0.000000 39736067.735283 0.000000 11 0
0.000000 39809738.602204 0.000000 11 4
0.000000 40053227.060647 0.000000 11 15
0.000000 40105670.728652 0.000000 11 13
0.000000 41687720.548055 0.000000 10 17
0.000000 39686121.384776 0.000000 11 12
0.000000 41868406.334018 0.000000 10 11
0.000000 39515055.134403 0.000000 11 16
0.000000 37158836.053558 0.000000 11 19
0.000000 40090686.823500 0.000000 11 18
0.000000 40044486.449317 0.000000 11 17
0.000000 39925580.467673 0.000000 12 4
0.000000 40039539.059350 0.000000 12 1
0.000000 39851695.226916 0.000000 12 0
0.000000 40079612.410269 0.000000 12 5
0.000000 40069594.072539 0.000000 12 3
0.000000 40261194.781621 0.000000 12 2
0.000000 37266964.092680 0.000000 12 19
0.000000 40207346.216323 0.000000 12 18
0.000000 39770296.232862 0.000000 12 14
0.000000 40018250.091674 0.000000 12 7
0.000000 40278726.872648 0.000000 12 8
0.000000 40249924.151675 0.000000 12 6
0.000000 42632679.597748 0.000000 13 0
0.000000 39630039.504645 0.000000 12 16
0.000000 43070755.398953 0.000000 13 2
0.000000 42833631.800100 0.000000 13 1
0.000000 39801603.538268 0.000000 12 12
0.000000 40335080.022378 0.000000 12 11
0.000000 40222373.722918 0.000000 12 13
0.000000 40161011.404323 0.000000 12 17
0.000000 40169777.449837 0.000000 12 15
0.000000 42865784.152497 0.000000 13 3
0.000000 39852947.519133 0.000000 12 9
0.000000 42711720.797292 0.000000 13 4
0.000000 40125947.222269 0.000000 12 10
0.000000 42810857.217152 0.000000 13 7
0.000000 42876501.603296 0.000000 13 5
0.000000 43089510.937828 0.000000 13 8
0.000000 42579092.343820 0.000000 13 12
0.000000 42926069.813242 0.000000 13 10
0.000000 43029225.277158 0.000000 13 13
0.000000 42545600.310115 0.000000 13 14
0.000000 42395555.999049 0.000000 13 16
0.000000 42634019.279096 0.000000 13 9
0.000000 43058698.266819 0.000000 13 6
0.000000 43149796.598497 0.000000 13 11
0.000000 42972958.660488 0.000000 13 15
0.000000 42963580.891038 0.000000 13 17
0.000000 43013149.100979 0.000000 13 18
0.000000 40093031.434356 0.000000 14 9
0.000000 40009882.236245 0.000000 14 14
0.000000 40310983.120335 0.000000 14 3
0.000000 40402951.172813 0.000000 14 17
0.000000 40041378.144618 0.000000 14 12
0.000000 40521375.788333 0.000000 14 8
0.000000 40464683.153244 0.000000 14 13
0.000000 40492399.552621 0.000000 14 6
0.000000 40367675.755424 0.000000 14 10
0.000000 37491469.404547 0.000000 14 19
0.000000 41467285.898929 0.000000 15 4
0.000000 40259329.830600 0.000000 14 7
0.000000 40280747.048294 0.000000 14 1
0.000000 40503738.079639 0.000000 14 2
0.000000 39868780.566678 0.000000 14 16
0.000000 40578068.423418 0.000000 14 11
0.000000 40411770.027161 0.000000 14 15
0.000000 40166101.941805 0.000000 14 4
0.000000 41306005.444399 0.000000 15 14
0.000000 41616860.514017 0.000000 15 3
0.000000 41627265.704632 0.000000 15 5
0.000000 40449565.117220 0.000000 14 18
0.000000 40321061.811018 0.000000 14 5
0.000000 41775539.670893 0.000000 15 13
0.000000 41390547.618144 0.000000 15 0
0.000000 41585644.942172 0.000000 15 1
0.000000 39867577.290358 0.000000 13 19
0.000000 41563533.912116 0.000000 15 7
0.000000 40091771.598021 0.000000 14 0
0.000000 41720912.420165 0.000000 15 15
0.000000 41391848.266971 0.000000 15 9
0.000000 41815859.784525 0.000000 15 2
0.000000 41834068.868101 0.000000 15 8
0.000000 41804153.945084 0.000000 15 6
0.000000 41338521.665070 0.000000 15 12
0.000000 41892598.065310 0.000000 15 11
0.000000 38706008.439298 0.000000 15 19
0.000000 41675389.711225 0.000000 15 10
0.000000 41711807.878377 0.000000 15 17
0.000000 37804190.222031 0.000000 16 0
0.000000 37982382.992211 0.000000 16 1
0.000000 41160332.775791 0.000000 15 16
0.000000 41759931.884971 0.000000 15 18
0.000000 35352257.703400 0.000000 16 19
0.000000 41907638.936607 0.000000 17 11
0.000000 38141568.533571 0.000000 16 18
0.000000 38105929.979535 0.000000 16 15
0.000000 38010893.835439 0.000000 16 3
0.000000 41735891.650419 0.000000 17 15
0.000000 38262739.617272 0.000000 16 11
0.000000 38209281.786230 0.000000 16 8
0.000000 41849088.725407 0.000000 17 8
0.000000 37593922.753218 0.000000 16 16
0.000000 38155823.955186 0.000000 16 13
0.000000 41819163.061904 0.000000 17 6
0.000000 38181958.894808 0.000000 16 6
0.000000 33324091.444151 0.000000 19 10
0.000000 37037433.065218 0.000000 18 3
0.000000 33450973.010782 0.000000 19 8
0.000000 37046693.291653 0.000000 18 5
0.000000 41726783.839788 0.000000 17 17
0.000000 37962187.811590 0.000000 16 7
0.000000 41175110.738787 0.000000 17 16
0.000000 33436412.831005 0.000000 19 2
0.000000 37009652.385925 0.000000 18 1
0.000000 37121932.631416 0.000000 18 17
0.000000 37726973.354953 0.000000 16 14
0.000000 33028727.797367 0.000000 19 14
0.000000 36789722.008277 0.000000 18 12
0.000000 37756672.149983 0.000000 16 12
0.000000 33054728.118396 0.000000 19 12
0.000000 37805378.173832 0.000000 16 9
0.000000 41406709.351981 0.000000 17 9
0.000000 33096328.632044 0.000000 19 0
0.000000 33285610.969025 0.000000 19 5
0.000000 41642211.312498 0.000000 17 5
0.000000 41578456.638080 0.000000 17 7
0.000000 41631802.386063 0.000000 17 3
0.000000 38719905.217049 0.000000 17 19
0.000000 33277290.866295 0.000000 19 3
0.000000 38064351.666493 0.000000 16 10
0.000000 37230740.291764 0.000000 18 8
0.000000 41482174.068574 0.000000 17 4
0.000000 41353363.603998 0.000000 17 12
0.000000 41405408.236176 0.000000 17 0
0.000000 41320835.708887 0.000000 17 14
0.000000 33360491.893594 0.000000 19 15
0.000000 41690352.597263 0.000000 17 10
0.000000 41600575.606756 0.000000 17 1
0.000000 37874279.378301 0.000000 16 4
0.000000 38097614.316927 0.000000 16 17
0.000000 41790538.514206 0.000000 17 13
0.000000 34446884.723415 0.000000 18 19
0.000000 37204117.140828 0.000000 18 6
0.000000 41774925.124553 0.000000 17 18
0.000000 33427052.715434 0.000000 19 6
0.000000 33391692.278832 0.000000 19 18
0.000000 33353211.803706 0.000000 19 17
0.000000 33234650.339831 0.000000 19 7
0.000000 33497773.588638 0.000000 19 11
0.000000 36904317.310313 0.000000 18 4
0.000000 38020397.449849 0.000000 16 5
0.000000 37130035.329527 0.000000 18 15
0.000000 38192650.461017 0.000000 16 2
0.000000 33157689.389645 0.000000 19 4
0.000000 33404172.432927 0.000000 19 13
0.000000 37178651.518193 0.000000 18 13
0.000000 33097368.644885 0.000000 19 9
0.000000 36837180.668656 0.000000 18 9
0.000000 37089521.838918 0.000000 18 10
0.000000 36631140.630970 0.000000 18 16
0.000000 32912246.359220 0.000000 19 16
0.000000 37164761.178574 0.000000 18 18
0.000000 36836023.140352 0.000000 18 0
0.000000 41830873.104144 0.000000 17 2
0.000000 37282829.065335 0.000000 18 11
0.000000 33252330.558117 0.000000 19 1
0.000000 36760783.800740 0.000000 18 14
0.000000 37214534.895542 0.000000 18 2
0.000000 36989974.404798 0.000000 18 7
0.000000 30949742.129688 0.000000 19 19
0.000000 0.000000 442784161.000000 19 19
0.000000 0.000000 500718835.000000 16 16
0.000000 0.000000 506335753.000000 0 0
0.000000 0.000000 504269403.000000 14 14
0.000000 0.000000 510576990.000000 7 7
0.000000 0.000000 515799021.000000 13 13
0.000000 0.000000 516505870.000000 6 6
0.000000 0.000000 506367576.000000 9 9
0.000000 0.000000 511120378.000000 1 1
0.000000 0.000000 505063653.000000 12 12
0.000000 0.000000 517245366.000000 8 8
0.000000 0.000000 512144010.000000 5 5
0.000000 0.000000 515413671.000000 18 18
0.000000 0.000000 513328861.000000 10 10
0.000000 0.000000 516795175.000000 2 2
0.000000 0.000000 518693736.000000 11 11
0.000000 0.000000 514450926.000000 15 15
0.000000 0.000000 514226415.000000 17 17
0.000000 0.000000 511888006.000000 3 3
0.000000 0.000000 508215021.000000 4 4
0.000000 0.000000 947020657.000000 0 19
0.000000 0.000000 951484507.000000 1 19
0.000000 0.000000 1017508752.000000 1 9
0.000000 0.000000 952198723.000000 3 19
0.000000 0.000000 1014580886.000000 0 4
0.000000 0.000000 1011817558.000000 1 16
0.000000 0.000000 1020786371.000000 0 15
0.000000 0.000000 1021019700.000000 2 14
0.000000 0.000000 1020563610.000000 0 17
0.000000 0.000000 1023554972.000000 0 8
0.000000 0.000000 1012735152.000000 0 9
0.000000 0.000000 1024719362.000000 4 6
0.000000 0.000000 956751850.000000 2 19
0.000000 0.000000 1018821192.000000 4 7
0.000000 0.000000 1021729188.000000 1 7
0.000000 0.000000 1010634834.000000 0 14
0.000000 0.000000 1016197859.000000 1 12
0.000000 0.000000 1012577062.000000 3 16
0.000000 0.000000 1025452648.000000 4 8
0.000000 0.000000 1023141600.000000 2 9
0.000000 0.000000 1024478866.000000 1 10
0.000000 0.000000 1028379572.000000 1 8
0.000000 0.000000 1022823043.000000 0 6
0.000000 0.000000 1015398534.000000 1 14
0.000000 0.000000 1023109450.000000 0 2
0.000000 0.000000 1026557111.000000 1 18
0.000000 0.000000 1016935788.000000 0 7
0.000000 0.000000 1030150300.000000 2 10
0.000000 0.000000 1019672566.000000 0 10
0.000000 0.000000 1016160726.000000 3 14
0.000000 0.000000 1023295865.000000 1 5
0.000000 0.000000 1034072600.000000 2 8
0.000000 0.000000 1018240531.000000 0 3
0.000000 0.000000 1014612768.000000 4 9
0.000000 0.000000 1027385400.000000 2 7
0.000000 0.000000 1011430409.000000 0 12
0.000000 0.000000 1027327679.000000 3 18
0.000000 0.000000 1021741061.000000 0 18
0.000000 0.000000 1025597921.000000 1 15
0.000000 0.000000 1026143790.000000 3 17
0.000000 0.000000 1033333150.000000 2 6
0.000000 0.000000 1022496132.000000 3 7
0.000000 0.000000 1028960750.000000 2 5
0.000000 0.000000 1022122937.000000 0 13
0.000000 0.000000 1021823450.000000 2 12
0.000000 0.000000 1030591373.000000 3 11
0.000000 0.000000 1007070658.000000 0 16
0.000000 0.000000 1035519350.000000 2 11
0.000000 0.000000 1029151508.000000 3 8
0.000000 0.000000 1025374110.000000 1 17
0.000000 0.000000 1032625850.000000 2 13
0.000000 0.000000 1028415577.000000 3 6
0.000000 0.000000 1019363186.000000 1 4
0.000000 0.000000 1016960651.000000 3 12
0.000000 0.000000 1027931950.000000 1 2
0.000000 0.000000 1020383410.000000 4 5
0.000000 0.000000 1025006300.000000 2 4
0.000000 0.000000 1027644193.000000 1 6
0.000000 0.000000 1017476779.000000 0 1
0.000000 0.000000 1018495115.000000 0 5
0.000000 0.000000 1017418900.000000 2 16
0.000000 0.000000 1026940787.000000 1 13
0.000000 0.000000 1024987007.000000 0 11
0.000000 0.000000 1025247874.000000 3 10
0.000000 0.000000 1023040081.000000 1 3
0.000000 0.000000 1018272528.000000 3 9
0.000000 0.000000 1032240050.000000 2 18
0.000000 0.000000 1029818357.000000 1 11
0.000000 0.000000 1021563044.000000 4 10
0.000000 0.000000 1031050500.000000 2 17
0.000000 0.000000 1026367769.000000 3 15
0.000000 0.000000 1024063985.000000 3 5
0.000000 0.000000 1028703550.000000 2 3
0.000000 0.000000 1027711643.000000 3 13
0.000000 0.000000 1031275550.000000 2 15
0.000000 0.000000 1020128354.000000 3 4
0.000000 0.000000 1026887338.000000 4 11
0.000000 0.000000 948776438.000000 4 19
0.000000 0.000000 1013305606.000000 4 12
0.000000 0.000000 1027968595.000000 5 13
0.000000 0.000000 1012508556.000000 4 14
0.000000 0.000000 1016414790.000000 5 14
0.000000 0.000000 1017214915.000000 5 12
0.000000 0.000000 1024017958.000000 4 13
0.000000 0.000000 1022455740.000000 4 17
0.000000 0.000000 1023635374.000000 4 18
0.000000 0.000000 1008937772.000000 4 16
0.000000 0.000000 1022678914.000000 4 15
0.000000 0.000000 1022751780.000000 5 7
0.000000 0.000000 1018527120.000000 5 9
0.000000 0.000000 1026624385.000000 5 15
0.000000 0.000000 1029408820.000000 5 8
0.000000 0.000000 1025504210.000000 5 10
0.000000 0.000000 1030849045.000000 5 11
0.000000 0.000000 1028672705.000000 5 6
0.000000 0.000000 1012830230.000000 5 16
1496546.853397 0.000000 0.000000 0 1
1502924.058049 0.000000 0.000000 0 2
1504046.286488 0.000000 0.000000 0 3
1830238.180609 0.000000 0.000000 0 4
1560105.074250 0.000000 0.000000 0 5
1645520.154326 0.000000 0.000000 0 6
1464679.077528 0.000000 0.000000 0 7
1450121.515260 0.000000 0.000000 0 8
1458103.311569 0.000000 0.000000 0 9
1647125.122287 0.000000 0.000000 0 10
1582199.236871 0.000000 0.000000 0 11
1586803.258874 0.000000 0.000000 0 12
1697535.688615 0.000000 0.000000 0 13
1596362.550402 0.000000 0.000000 0 14
1648076.837409 0.000000 0.000000 0 15
1505276.297899 0.000000 0.000000 0 16
1648668.553332 0.000000 0.000000 0 17
1466726.101393 0.000000 0.000000 0 18
1317820.028529 0.000000 0.000000 0 19
1400852.953550 0.000000 0.000000 1 2
1401898.965830 0.000000 0.000000 1 3
1705937.533746 0.000000 0.000000 1 4
1454150.520383 0.000000 0.000000 1 5
1533764.634325 0.000000 0.000000 1 6
1365205.381306 0.000000 0.000000 1 7
1351636.496042 0.000000 0.000000 1 8
1359076.208571 0.000000 0.000000 1 9
1535260.600857 0.000000 0.000000 1 10
1479035.497487 0.000000 0.000000 1 12
1474744.157692 0.000000 0.000000 1 11
1487945.569614 0.000000 0.000000 1 14
1582247.532998 0.000000 0.000000 1 13
1403045.441000 0.000000 0.000000 1 16
1536147.680238 0.000000 0.000000 1 15
0.000000 0.000000 952436795.000000 5 19
1536699.209762 0.000000 0.000000 1 17
1367113.381519 0.000000 0.000000 1 18
1228320.266293 0.000000 0.000000 1 19
1713207.010649 0.000000 0.000000 2 4
1407872.849368 0.000000 0.000000 2 3
1460347.062406 0.000000 0.000000 2 5
1371022.903221 0.000000 0.000000 2 7
1540300.434351 0.000000 0.000000 2 6
1357396.197145 0.000000 0.000000 2 8
1364867.612366 0.000000 0.000000 2 9
1541802.775623 0.000000 0.000000 2 10
1481028.454966 0.000000 0.000000 2 11
1588989.932221 0.000000 0.000000 2 13
1485338.081360 0.000000 0.000000 2 12
1494286.121802 0.000000 0.000000 2 14
1542693.635095 0.000000 0.000000 2 15
1409024.209991 0.000000 0.000000 2 16
1543247.514844 0.000000 0.000000 2 17
1233554.482453 0.000000 0.000000 2 19
1372939.033962 0.000000 0.000000 2 18
0.000000 0.000000 1027584535.000000 5 18
0.000000 0.000000 956484019.000000 6 19
1714486.256675 0.000000 0.000000 3 4
1372046.641503 0.000000 0.000000 3 7
1461437.498746 0.000000 0.000000 3 5
1541450.571607 0.000000 0.000000 3 6
1365886.754514 0.000000 0.000000 3 9
1358409.760411 0.000000 0.000000 3 8
0.000000 0.000000 1033783124.000000 6 8
1482134.334028 0.000000 0.000000 3 11
1542954.034668 0.000000 0.000000 3 10
1486447.178408 0.000000 0.000000 3 12
1495401.900324 0.000000 0.000000 3 14
1590176.425761 0.000000 0.000000 3 13
1543845.559346 0.000000 0.000000 3 15
1410076.323722 0.000000 0.000000 3 16
1373964.203013 0.000000 0.000000 3 18
1544399.852675 0.000000 0.000000 3 17
1234475.573521 0.000000 0.000000 3 19
1778388.559447 0.000000 0.000000 4 5
0.000000 0.000000 1032336779.000000 6 13
1669610.949752 0.000000 0.000000 4 7
1875754.566207 0.000000 0.000000 4 6
1662115.129668 0.000000 0.000000 4 9
1653016.553243 0.000000 0.000000 4 8
0.000000 0.000000 1022855184.000000 6 9
0.000000 0.000000 1026394764.000000 7 13
0.000000 0.000000 957168476.000000 8 19
1877584.094681 0.000000 0.000000 4 10
1803574.046421 0.000000 0.000000 4 11
0.000000 0.000000 950978604.000000 7 19
1819719.032531 0.000000 0.000000 4 14
1502203.986657 0.000000 0.000000 4 19
1808822.244245 0.000000 0.000000 4 12
1715888.366218 0.000000 0.000000 4 16
1935047.900108 0.000000 0.000000 4 13
1878668.969870 0.000000 0.000000 4 15
1671944.384778 0.000000 0.000000 4 18
1879343.476246 0.000000 0.000000 4 17
0.000000 0.000000 1020733878.000000 6 14
1598903.491252 0.000000 0.000000 5 6
1423185.540728 0.000000 0.000000 5 7
0.000000 0.000000 1021464312.000000 8 14
0.000000 0.000000 1035229469.000000 6 11
0.000000 0.000000 1017134086.000000 6 16
1601387.744932 0.000000 0.000000 5 15
1600462.991361 0.000000 0.000000 5 10
1537376.419870 0.000000 0.000000 5 11
1409040.386040 0.000000 0.000000 5 8
1551138.494668 0.000000 0.000000 5 14
1462632.664619 0.000000 0.000000 5 16
1416796.062534 0.000000 0.000000 5 9
1649445.454623 0.000000 0.000000 5 13
1541850.012521 0.000000 0.000000 5 12
0.000000 0.000000 1015657548.000000 7 12
1425174.573561 0.000000 0.000000 5 18
1601962.697869 0.000000 0.000000 5 17
1280486.926222 0.000000 0.000000 5 19
0.000000 0.000000 1031951087.000000 6 18
0.000000 0.000000 1033075516.000000 8 13
0.000000 0.000000 1029861922.000000 6 10
1739751.881999 0.000000 0.000000 6 13
1636062.658379 0.000000 0.000000 6 14
1621547.115919 0.000000 0.000000 6 11
1542711.172298 0.000000 0.000000 6 16
1486184.739571 0.000000 0.000000 6 8
1501104.335384 0.000000 0.000000 6 7
1689063.033425 0.000000 0.000000 6 15
1503202.266906 0.000000 0.000000 6 18
1689669.464785 0.000000 0.000000 6 17
1626265.635833 0.000000 0.000000 6 12
1688087.649995 0.000000 0.000000 6 10
1494365.036015 0.000000 0.000000 6 9
0.000000 0.000000 1027097796.000000 6 7
1330135.760826 0.000000 0.000000 7 9
1350593.033270 0.000000 0.000000 6 19
1502568.446498 0.000000 0.000000 7 10
0.000000 0.000000 1029270804.000000 7 11
0.000000 0.000000 1017861944.000000 8 16
1322854.471064 0.000000 0.000000 7 8
0.000000 0.000000 1023934152.000000 7 10
1443340.652898 0.000000 0.000000 7 11
1373168.703394 0.000000 0.000000 7 16
1456260.951252 0.000000 0.000000 7 14
1503436.636234 0.000000 0.000000 7 15
1503976.421379 0.000000 0.000000 7 17
1548554.829268 0.000000 0.000000 7 13
1202164.162424 0.000000 0.000000 7 19
1338001.788574 0.000000 0.000000 7 18
1447540.612020 0.000000 0.000000 7 12
1433153.390332 0.000000 0.000000 8 12
1533163.619210 0.000000 0.000000 8 13
0.000000 0.000000 1031724628.000000 8 15
1428995.174937 0.000000 0.000000 8 11
0.000000 0.000000 1026400350.000000 5 17
1316915.435321 0.000000 0.000000 8 9
1487634.298773 0.000000 0.000000 8 10
0.000000 0.000000 1017589836.000000 10 14
1495822.573916 0.000000 0.000000 9 10
0.000000 0.000000 1030761870.000000 6 17
0.000000 0.000000 1030986857.000000 6 15
0.000000 0.000000 1031499480.000000 8 17
1190215.756852 0.000000 0.000000 8 19
1359520.670038 0.000000 0.000000 8 16
1488493.859495 0.000000 0.000000 8 15
1441787.057414 0.000000 0.000000 8 14
1489028.279675 0.000000 0.000000 8 17
1324703.281989 0.000000 0.000000 8 18
0.000000 0.000000 1027586940.000000 10 17
0.000000 0.000000 1005804818.000000 12 16
1449722.978989 0.000000 0.000000 9 14
1623128.701623 0.000000 0.000000 10 11
1436860.687099 0.000000 0.000000 9 11
1496686.865857 0.000000 0.000000 9 15
1367003.778838 0.000000 0.000000 9 16
1441041.790255 0.000000 0.000000 9 12
1497224.227599 0.000000 0.000000 9 17
1331994.748019 0.000000 0.000000 9 18
1541602.498015 0.000000 0.000000 9 13
1196766.973173 0.000000 0.000000 9 19
0.000000 0.000000 1022268412.000000 8 12
0.000000 0.000000 1023587136.000000 8 9
0.000000 0.000000 1035970276.000000 8 11
0.000000 0.000000 1027811234.000000 10 15
1577683.233602 0.000000 0.000000 12 14
1627851.823768 0.000000 0.000000 10 12
1624649.646932 0.000000 0.000000 11 17
1690710.471187 0.000000 0.000000 10 15
1672804.853103 0.000000 0.000000 11 13
1298621.144773 0.000000 0.000000 11 19
1637658.401907 0.000000 0.000000 10 14
1691317.494038 0.000000 0.000000 10 17
1544215.864895 0.000000 0.000000 10 16
1504668.424253 0.000000 0.000000 10 18
1483346.425808 0.000000 0.000000 11 16
1624066.551525 0.000000 0.000000 11 15
1573105.672847 0.000000 0.000000 11 14
1445357.854349 0.000000 0.000000 11 18
1677672.527273 0.000000 0.000000 12 13
1563685.647473 0.000000 0.000000 11 12
1351910.342288 0.000000 0.000000 10 19
1638604.647130 0.000000 0.000000 14 15
1550719.077224 0.000000 0.000000 13 18
1741448.759430 0.000000 0.000000 10 13
1628792.402713 0.000000 0.000000 12 15
0.000000 0.000000 1021537403.000000 6 12
1487662.797243 0.000000 0.000000 12 16
1743080.576012 0.000000 0.000000 13 17
1393285.806156 0.000000 0.000000 13 19
1449563.683310 0.000000 0.000000 12 18
1687779.237528 0.000000 0.000000 13 14
1591476.874535 0.000000 0.000000 13 16
1496624.842340 0.000000 0.000000 14 16
1302399.986390 0.000000 0.000000 12 19
1742454.975113 0.000000 0.000000 13 15
1629377.194863 0.000000 0.000000 12 17
0.000000 0.000000 1007102304.000000 9 16
1639192.962210 0.000000 0.000000 14 17
1310245.962937 0.000000 0.000000 14 19
0.000000 0.000000 1014858648.000000 7 14
1458296.210019 0.000000 0.000000 14 18
0.000000 0.000000 1020456781.000000 12 18
0.000000 0.000000 1014001132.000000 10 16
0.000000 0.000000 1025052612.000000 7 15
1505537.827361 0.000000 0.000000 15 18
1235485.129578 0.000000 0.000000 16 19
1352691.481200 0.000000 0.000000 15 19
1692294.743685 0.000000 0.000000 15 17
1545662.865288 0.000000 0.000000 16 17
1353177.143679 0.000000 0.000000 17 19
1545108.118661 0.000000 0.000000 15 16
1506078.366904 0.000000 0.000000 17 18
1203844.297528 0.000000 0.000000 18 19
1375087.833088 0.000000 0.000000 16 18
0.000000 0.000000 1018390886.000000 10 12
0.000000 0.000000 1029156998.000000 10 13
0.000000 0.000000 958507631.000000 11 19
0.000000 0.000000 1032689548.000000 8 18
0.000000 0.000000 953537878.000000 10 19
0.000000 0.000000 947050416.000000 9 19
0.000000 0.000000 1027832784.000000 7 8
0.000000 0.000000 1011279576.000000 7 16
0.000000 0.000000 1020818448.000000 9 15
0.000000 0.000000 1020595680.000000 9 17
0.000000 0.000000 1010666592.000000 9 14
0.000000 0.000000 1019280810.000000 12 17
0.000000 0.000000 1011462192.000000 9 12
0.000000 0.000000 945830297.000000 12 19
0.000000 0.000000 1022155056.000000 9 13
0.000000 0.000000 1024828920.000000 7 17
0.000000 0.000000 1026011292.000000 7 18
0.000000 0.000000 1032040778.000000 10 11
0.000000 0.000000 1016967744.000000 7 9
0.000000 0.000000 1025019216.000000 9 11
0.000000 0.000000 1030598888.000000 8 10
0.000000 0.000000 1032942630.000000 11 17
0.000000 0.000000 1034134363.000000 11 18
0.000000 0.000000 1034520871.000000 11 13
0.000000 0.000000 1023698647.000000 11 12
0.000000 0.000000 1028772494.000000 10 18
0.000000 0.000000 1019286014.000000 11 16
0.000000 0.000000 1033168093.000000 11 15
0.000000 0.000000 1021773168.000000 9 18
0.000000 0.000000 1020838177.000000 12 13
0.000000 0.000000 1022893422.000000 11 14
0.000000 0.000000 1019503291.000000 12 15
0.000000 0.000000 1009364514.000000 12 14
0.000000 0.000000 1019704608.000000 9 10
0.000000 0.000000 1030281163.000000 13 15
0.000000 0.000000 1016437874.000000 13 16
0.000000 0.000000 1020035202.000000 13 14
0.000000 0.000000 1030056330.000000 13 17
0.000000 0.000000 955829321.000000 13 19
0.000000 0.000000 945086322.000000 14 19
0.000000 0.000000 1019654106.000000 14 18
0.000000 0.000000 1031244733.000000 13 18
0.000000 0.000000 941753314.000000 16 19
0.000000 0.000000 1018479060.000000 14 17
0.000000 0.000000 954579443.000000 15 19
0.000000 0.000000 1018701366.000000 14 15
0.000000 0.000000 1005013668.000000 14 16
0.000000 0.000000 954371130.000000 17 19
0.000000 0.000000 1015108742.000000 15 16
0.000000 0.000000 1016058122.000000 16 18
0.000000 0.000000 1028709390.000000 15 17
0.000000 0.000000 1029896239.000000 15 18
0.000000 0.000000 1014887220.000000 16 17
0.000000 0.000000 1029671490.000000 17 18
0.000000 0.000000 955472213.000000 18 19
