160461.000000 0.000000 0.000000 0 0
320400.000000 0.000000 0.000000 2 2
410871.000000 0.000000 0.000000 3 3
309291.000000 0.000000 0.000000 1 1
234955.000000 0.000000 0.000000 8 8
301476.000000 0.000000 0.000000 4 4
160461.000000 0.000000 0.000000 5 5
247456.000000 0.000000 0.000000 7 7
301476.000000 0.000000 0.000000 6 6
120295.000000 0.000000 0.000000 18 18
113526.000000 0.000000 0.000000 16 16
215496.000000 0.000000 0.000000 11 11
280126.000000 0.000000 0.000000 9 9
134421.000000 0.000000 0.000000 19 19
146070.000000 0.000000 0.000000 17 17
185136.000000 0.000000 0.000000 12 12
281625.000000 0.000000 0.000000 15 15
185745.000000 0.000000 0.000000 13 13
268278.000000 0.000000 0.000000 14 14
269745.000000 0.000000 0.000000 10 10
410871.000000 0.000000 0.000000 3 3
410871.000000 0.000000 0.000000 3 3
301476.000000 0.000000 0.000000 4 4
185136.000000 0.000000 0.000000 12 12
185136.000000 0.000000 0.000000 12 12
309291.000000 0.000000 0.000000 1 1
301476.000000 0.000000 0.000000 4 4
120295.000000 0.000000 0.000000 18 18
301476.000000 0.000000 0.000000 6 6
160461.000000 0.000000 0.000000 5 5
185745.000000 0.000000 0.000000 13 13
120295.000000 0.000000 0.000000 18 18
269745.000000 0.000000 0.000000 10 10
268278.000000 0.000000 0.000000 14 14
269745.000000 0.000000 0.000000 10 10
185745.000000 0.000000 0.000000 13 13
234955.000000 0.000000 0.000000 8 8
113526.000000 0.000000 0.000000 16 16
113526.000000 0.000000 0.000000 16 16
134421.000000 0.000000 0.000000 19 19
281625.000000 0.000000 0.000000 15 15
215496.000000 0.000000 0.000000 11 11
301476.000000 0.000000 0.000000 6 6
281625.000000 0.000000 0.000000 15 15
280126.000000 0.000000 0.000000 9 9
234955.000000 0.000000 0.000000 8 8
320400.000000 0.000000 0.000000 2 2
247456.000000 0.000000 0.000000 7 7
280126.000000 0.000000 0.000000 9 9
268278.000000 0.000000 0.000000 14 14
320400.000000 0.000000 0.000000 2 2
309291.000000 0.000000 0.000000 1 1
146070.000000 0.000000 0.000000 17 17
247456.000000 0.000000 0.000000 7 7
215496.000000 0.000000 0.000000 11 11
146070.000000 0.000000 0.000000 17 17
134421.000000 0.000000 0.000000 19 19
160461.000000 0.000000 0.000000 5 5
0.000000 11361911.746555 0.000000 0 11
0.000000 10154199.384129 0.000000 0 5
0.000000 11711787.374805 0.000000 1 19
0.000000 12890246.638598 0.000000 0 10
0.000000 12082066.704753 0.000000 0 2
0.000000 9691619.771799 0.000000 0 0
0.000000 8437844.272832 0.000000 0 19
0.000000 11870552.090838 0.000000 0 8
0.000000 6707304.740239 0.000000 0 18
0.000000 12047516.476755 0.000000 0 14
0.000000 11644330.083371 0.000000 0 15
0.000000 12051895.712851 0.000000 0 7
0.000000 12760236.408171 0.000000 0 4
0.000000 11693588.128743 0.000000 0 1
0.000000 12228378.109406 0.000000 0 9
0.000000 16476410.045447 0.000000 1 8
0.000000 16769510.097104 0.000000 2 8
0.000000 10775301.625924 0.000000 1 16
0.000000 9320445.620736 0.000000 0 13
0.000000 13760177.538921 0.000000 1 12
0.000000 16827970.720609 0.000000 1 6
0.000000 12936844.273680 0.000000 1 13
0.000000 17068316.455155 0.000000 2 2
0.000000 9913622.191063 0.000000 0 12
0.000000 12648705.112915 0.000000 0 3
0.000000 7763146.153336 0.000000 0 16
0.000000 18210030.966122 0.000000 2 10
0.000000 17556491.928995 0.000000 1 3
0.000000 16728116.272639 0.000000 1 7
0.000000 17868805.635653 0.000000 2 3
0.000000 10966984.246872 0.000000 2 16
0.000000 7748463.321260 0.000000 0 17
0.000000 16519513.389208 0.000000 2 1
0.000000 16973075.081847 0.000000 1 9
0.000000 13452036.614715 0.000000 1 0
0.000000 12123836.593034 0.000000 0 6
0.000000 16449926.624915 0.000000 2 15
0.000000 17127324.710265 0.000000 2 6
0.000000 15770413.658763 0.000000 1 11
0.000000 16769993.820460 0.000000 1 2
0.000000 13691335.868356 0.000000 2 0
0.000000 17019507.404791 0.000000 2 14
0.000000 17711298.154559 0.000000 1 4
0.000000 16050954.689540 0.000000 2 11
0.000000 17025693.944317 0.000000 2 7
0.000000 14004958.333784 0.000000 2 12
0.000000 14344821.353128 0.000000 2 5
0.000000 9309786.297265 0.000000 1 18
0.000000 13166978.733413 0.000000 2 13
0.000000 14094100.380624 0.000000 1 5
0.000000 17891753.271323 0.000000 1 10
0.000000 16230782.818070 0.000000 1 1
0.000000 16162412.301916 0.000000 1 15
0.000000 18026365.720210 0.000000 2 4
0.000000 12051895.712851 0.000000 0 7
0.000000 17275010.343862 0.000000 2 9
0.000000 10754921.753620 0.000000 1 17
0.000000 20233466.557492 0.000000 3 3
0.000000 16722037.861994 0.000000 1 14
0.000000 11920129.208567 0.000000 2 19
0.000000 10946241.835687 0.000000 2 17
0.000000 14909425.357104 0.000000 3 13
0.000000 18988696.201670 0.000000 3 8
0.000000 19278782.029381 0.000000 3 7
0.000000 20619847.798173 0.000000 3 10
0.000000 15858298.637752 0.000000 3 12
0.000000 16050954.689540 0.000000 2 11
0.000000 18705616.283341 0.000000 3 1
0.000000 9475398.759911 0.000000 2 18
0.000000 19327044.975023 0.000000 3 2
0.000000 19271776.800472 0.000000 3 14
0.000000 19393862.060521 0.000000 3 6
0.000000 19561091.613403 0.000000 3 9
0.000000 18626820.785677 0.000000 3 15
0.000000 11711787.374805 0.000000 1 19
0.000000 18175051.066506 0.000000 3 11
0.000000 16243137.287802 0.000000 3 5
0.000000 20411877.288707 0.000000 3 4
0.000000 15503173.074488 0.000000 3 0
0.000000 7748463.321260 0.000000 0 17
0.000000 8437844.272832 0.000000 0 19
0.000000 10775301.625924 0.000000 1 16
0.000000 12890246.638598 0.000000 0 10
0.000000 12047516.476755 0.000000 0 14
0.000000 12047516.476755 0.000000 0 14
0.000000 7763146.153336 0.000000 0 16
0.000000 16449926.624915 0.000000 2 15
0.000000 12418295.519763 0.000000 3 16
0.000000 10154199.384129 0.000000 0 5
0.000000 17275010.343862 0.000000 2 9
0.000000 16827970.720609 0.000000 1 6
0.000000 16162412.301916 0.000000 1 15
0.000000 11644330.083371 0.000000 0 15
0.000000 13497574.521335 0.000000 3 19
0.000000 16267052.865692 0.000000 4 8
0.000000 16024546.695827 0.000000 4 1
0.000000 16757407.037561 0.000000 4 9
0.000000 12394808.171341 0.000000 3 17
0.000000 10729321.691370 0.000000 3 18
0.000000 13915013.971692 0.000000 4 5
0.000000 17275010.343862 0.000000 2 9
0.000000 17333410.709954 0.000000 4 3
0.000000 14344821.353128 0.000000 2 5
0.000000 16769510.097104 0.000000 2 8
0.000000 13281108.576401 0.000000 4 0
0.000000 17486249.893380 0.000000 4 4
0.000000 8437844.272832 0.000000 5 19
0.000000 16515560.792649 0.000000 4 7
0.000000 10775301.625924 0.000000 1 16
0.000000 12123836.593034 0.000000 5 6
0.000000 9691619.771799 0.000000 5 0
0.000000 13452036.614715 0.000000 1 0
0.000000 12648705.112915 0.000000 0 3
0.000000 11693588.128743 0.000000 0 1
0.000000 16973075.081847 0.000000 1 9
0.000000 16556906.224292 0.000000 4 2
0.000000 7763146.153336 0.000000 5 16
0.000000 12760236.408171 0.000000 5 4
0.000000 16614146.442122 0.000000 4 6
0.000000 18210030.966122 0.000000 2 10
0.000000 12890246.638598 0.000000 0 10
0.000000 7763146.153336 0.000000 0 16
0.000000 9913622.191063 0.000000 5 12
0.000000 12890246.638598 0.000000 5 10
0.000000 12760236.408171 0.000000 0 4
0.000000 13760177.538921 0.000000 1 12
0.000000 9320445.620736 0.000000 5 13
0.000000 11870552.090838 0.000000 0 8
0.000000 6707304.740239 0.000000 0 18
0.000000 8437844.272832 0.000000 0 19
0.000000 9691619.771799 0.000000 0 0
0.000000 11562971.779260 0.000000 4 19
0.000000 12760236.408171 0.000000 0 4
0.000000 12648705.112915 0.000000 0 3
0.000000 12047516.476755 0.000000 5 14
0.000000 7748463.321260 0.000000 0 17
0.000000 11644330.083371 0.000000 5 15
0.000000 12228378.109406 0.000000 0 9
0.000000 12123836.593034 0.000000 0 6
0.000000 16519513.389208 0.000000 2 1
0.000000 12082066.704753 0.000000 0 2
0.000000 7748463.321260 0.000000 5 17
0.000000 16519513.389208 0.000000 2 1
0.000000 16728116.272639 0.000000 1 7
0.000000 12648705.112915 0.000000 5 3
0.000000 12051895.712851 0.000000 5 7
0.000000 10154199.384129 0.000000 0 5
0.000000 12228378.109406 0.000000 5 9
0.000000 11870552.090838 0.000000 5 8
0.000000 12123836.593034 0.000000 0 6
0.000000 9913622.191063 0.000000 0 12
0.000000 9320445.620736 0.000000 0 13
0.000000 11361911.746555 0.000000 0 11
0.000000 12772462.516728 0.000000 4 13
0.000000 11693588.128743 0.000000 5 1
0.000000 11361911.746555 0.000000 0 11
0.000000 15570027.208208 0.000000 4 11
0.000000 6707304.740239 0.000000 5 18
0.000000 11693588.128743 0.000000 0 1
0.000000 12082066.704753 0.000000 0 2
0.000000 16722037.861994 0.000000 1 14
0.000000 10754921.753620 0.000000 1 17
0.000000 9913622.191063 0.000000 0 12
0.000000 9191491.681090 0.000000 4 18
0.000000 12082066.704753 0.000000 5 2
0.000000 9691619.771799 0.000000 0 0
0.000000 11711787.374805 0.000000 1 19
0.000000 15957044.928346 0.000000 4 15
0.000000 11361911.746555 0.000000 5 11
0.000000 10154199.384129 0.000000 5 5
0.000000 13452036.614715 0.000000 1 0
0.000000 11870552.090838 0.000000 0 8
0.000000 6707304.740239 0.000000 0 18
0.000000 11644330.083371 0.000000 0 15
0.000000 12936844.273680 0.000000 1 13
0.000000 17333410.709954 0.000000 6 3
0.000000 10618264.552143 0.000000 4 17
0.000000 13760177.538921 0.000000 1 12
0.000000 12772462.516728 0.000000 6 13
0.000000 12051895.712851 0.000000 0 7
0.000000 16267052.865692 0.000000 6 8
0.000000 17664412.060752 0.000000 4 10
0.000000 13585334.114018 0.000000 4 12
0.000000 10638385.468104 0.000000 4 16
0.000000 16757407.037561 0.000000 6 9
0.000000 16509559.617210 0.000000 4 14
0.000000 12228378.109406 0.000000 0 9
0.000000 18026365.720210 0.000000 2 4
0.000000 16827970.720609 0.000000 1 6
0.000000 13915013.971692 0.000000 6 5
0.000000 13281108.576401 0.000000 6 0
0.000000 18210030.966122 0.000000 2 10
0.000000 17486249.893380 0.000000 6 4
0.000000 11920129.208567 0.000000 2 19
0.000000 16476410.045447 0.000000 1 8
0.000000 13166978.733413 0.000000 2 13
0.000000 9320445.620736 0.000000 0 13
0.000000 11920129.208567 0.000000 2 19
0.000000 17891753.271323 0.000000 1 10
0.000000 15570027.208208 0.000000 6 11
0.000000 11562971.779260 0.000000 6 19
0.000000 9309786.297265 0.000000 1 18
0.000000 16509559.617210 0.000000 6 14
0.000000 17019507.404791 0.000000 2 14
0.000000 13585334.114018 0.000000 6 12
0.000000 16728116.272639 0.000000 1 7
0.000000 16556906.224292 0.000000 6 2
0.000000 16515560.792649 0.000000 6 7
0.000000 16614146.442122 0.000000 6 6
0.000000 15770413.658763 0.000000 1 11
0.000000 17664412.060752 0.000000 6 10
0.000000 10618264.552143 0.000000 6 17
0.000000 13691335.868356 0.000000 2 0
0.000000 16230782.818070 0.000000 1 1
0.000000 17025693.944317 0.000000 2 7
0.000000 16162412.301916 0.000000 1 15
0.000000 17891753.271323 0.000000 1 10
0.000000 15770413.658763 0.000000 1 11
0.000000 10754921.753620 0.000000 1 17
0.000000 12607683.186491 0.000000 7 5
0.000000 17556491.928995 0.000000 1 3
0.000000 16024546.695827 0.000000 6 1
0.000000 13166978.733413 0.000000 2 13
0.000000 16722037.861994 0.000000 1 14
0.000000 17711298.154559 0.000000 1 4
0.000000 15843397.586668 0.000000 7 4
0.000000 9191491.681090 0.000000 6 18
0.000000 17025693.944317 0.000000 2 7
0.000000 15704917.811689 0.000000 7 3
0.000000 15183030.314917 0.000000 7 9
0.000000 16004821.223553 0.000000 7 10
0.000000 10638385.468104 0.000000 6 16
0.000000 10946241.835687 0.000000 2 17
0.000000 16769993.820460 0.000000 1 2
0.000000 17127324.710265 0.000000 2 6
0.000000 13691335.868356 0.000000 2 0
0.000000 17868805.635653 0.000000 2 3
0.000000 17127324.710265 0.000000 2 6
0.000000 14004958.333784 0.000000 2 12
0.000000 17068316.455155 0.000000 2 2
0.000000 17711298.154559 0.000000 1 4
0.000000 16449926.624915 0.000000 2 15
0.000000 15053229.208868 0.000000 7 6
0.000000 12033333.896706 0.000000 7 0
0.000000 14519023.003460 0.000000 7 1
0.000000 16973075.081847 0.000000 1 9
0.000000 14963905.788719 0.000000 7 7
0.000000 14004958.333784 0.000000 2 12
0.000000 15001366.772262 0.000000 7 2
0.000000 17556491.928995 0.000000 1 3
0.000000 12308977.112229 0.000000 7 12
0.000000 14738745.453481 0.000000 7 8
0.000000 15957044.928346 0.000000 6 15
0.000000 16769510.097104 0.000000 2 8
0.000000 10966984.246872 0.000000 2 16
0.000000 17019507.404791 0.000000 2 14
0.000000 10966984.246872 0.000000 2 16
0.000000 16476410.045447 0.000000 1 8
0.000000 10946241.835687 0.000000 2 17
0.000000 14344821.353128 0.000000 2 5
0.000000 16050954.689540 0.000000 2 11
0.000000 9475398.759911 0.000000 2 18
0.000000 14909425.357104 0.000000 3 13
0.000000 14094100.380624 0.000000 1 5
0.000000 14107206.119158 0.000000 7 11
0.000000 16243137.287802 0.000000 3 5
0.000000 9309786.297265 0.000000 1 18
0.000000 16769993.820460 0.000000 1 2
0.000000 9475398.759911 0.000000 2 18
0.000000 16230782.818070 0.000000 1 1
0.000000 12936844.273680 0.000000 1 13
0.000000 17068316.455155 0.000000 2 2
0.000000 14094100.380624 0.000000 1 5
0.000000 15503173.074488 0.000000 3 0
0.000000 15858298.637752 0.000000 3 12
0.000000 18705616.283341 0.000000 3 1
0.000000 18026365.720210 0.000000 2 4
0.000000 20411877.288707 0.000000 3 4
0.000000 18705616.283341 0.000000 3 1
0.000000 19393862.060521 0.000000 3 6
0.000000 19561091.613403 0.000000 3 9
0.000000 17868805.635653 0.000000 2 3
0.000000 20619847.798173 0.000000 3 10
0.000000 18988696.201670 0.000000 3 8
0.000000 18175051.066506 0.000000 3 11
0.000000 18175051.066506 0.000000 3 11
0.000000 14909425.357104 0.000000 3 13
0.000000 15503173.074488 0.000000 3 0
0.000000 20233466.557492 0.000000 3 3
0.000000 19278782.029381 0.000000 3 7
0.000000 19271776.800472 0.000000 3 14
0.000000 19327044.975023 0.000000 3 2
0.000000 16243137.287802 0.000000 3 5
0.000000 19561091.613403 0.000000 3 9
0.000000 20619847.798173 0.000000 3 10
0.000000 18988696.201670 0.000000 3 8
0.000000 19271776.800472 0.000000 3 14
0.000000 18626820.785677 0.000000 3 15
0.000000 20233466.557492 0.000000 3 3
0.000000 11572475.690979 0.000000 7 13
0.000000 15438310.716501 0.000000 8 4
0.000000 11725663.427740 0.000000 8 0
0.000000 18626820.785677 0.000000 3 15
0.000000 9638897.516018 0.000000 7 16
0.000000 15858298.637752 0.000000 3 12
0.000000 20411877.288707 0.000000 3 4
0.000000 19393862.060521 0.000000 3 6
0.000000 10476617.931788 0.000000 7 19
0.000000 15303371.617689 0.000000 8 3
0.000000 19327044.975023 0.000000 3 2
0.000000 14958468.430290 0.000000 7 14
0.000000 14617809.099158 0.000000 8 2
0.000000 8327940.982970 0.000000 7 18
0.000000 14147797.983424 0.000000 8 1
0.000000 9620666.981362 0.000000 7 17
0.000000 14457863.101283 0.000000 7 15
0.000000 13746510.508159 0.000000 8 11
0.000000 12285327.650415 0.000000 8 5
0.000000 14088201.828857 0.000000 8 15
0.000000 14581305.924737 0.000000 8 7
0.000000 14794827.835361 0.000000 8 9
0.000000 19278782.029381 0.000000 3 7
0.000000 11994258.947404 0.000000 8 12
0.000000 15595607.044507 0.000000 8 10
0.000000 14576007.589679 0.000000 8 14
0.000000 14668345.507517 0.000000 8 6
0.000000 14361902.529922 0.000000 8 8
0.000000 10208749.859808 0.000000 8 19
0.000000 11276588.528465 0.000000 8 13
0.000000 17027856.671154 0.000000 9 10
0.000000 9392448.431943 0.000000 8 16
0.000000 12418295.519763 0.000000 3 16
0.000000 15920405.448676 0.000000 9 7
0.000000 8115010.673706 0.000000 8 18
0.000000 16015438.462244 0.000000 9 6
0.000000 13281108.576401 0.000000 4 0
0.000000 12802510.069121 0.000000 9 0
0.000000 16708783.296688 0.000000 9 3
0.000000 16153536.513807 0.000000 9 9
0.000000 13413572.026684 0.000000 9 5
0.000000 15680852.762378 0.000000 9 8
0.000000 15447085.553549 0.000000 9 1
0.000000 16856114.762079 0.000000 9 4
0.000000 9374684.018704 0.000000 8 17
0.000000 13497574.521335 0.000000 3 19
0.000000 15960260.955020 0.000000 9 2
0.000000 11146288.111737 0.000000 9 19
0.000000 13095772.524291 0.000000 9 12
0.000000 12394808.171341 0.000000 3 17
0.000000 13497574.521335 0.000000 3 19
0.000000 10235624.388008 0.000000 9 17
0.000000 10729321.691370 0.000000 3 18
0.000000 10937946.277975 0.000000 10 19
0.000000 15387752.710721 0.000000 10 8
0.000000 15622827.776689 0.000000 10 7
0.000000 8860266.755799 0.000000 9 18
0.000000 16024546.695827 0.000000 4 1
0.000000 12418295.519763 0.000000 3 16
0.000000 14656436.082912 0.000000 11 3
0.000000 14048255.099786 0.000000 11 6
0.000000 12563210.815481 0.000000 10 0
0.000000 13162851.054179 0.000000 10 5
0.000000 15008945.146655 0.000000 9 11
0.000000 13754766.708632 0.000000 11 8
0.000000 15716084.472304 0.000000 10 6
0.000000 15382016.282349 0.000000 9 15
0.000000 12312193.597263 0.000000 9 13
0.000000 10255020.226208 0.000000 9 16
0.000000 15661938.320384 0.000000 10 2
0.000000 10063337.605260 0.000000 10 16
0.000000 15158354.982411 0.000000 10 1
0.000000 13999855.070270 0.000000 11 2
0.000000 8694654.293154 0.000000 10 18
0.000000 12394808.171341 0.000000 3 17
0.000000 15914620.531816 0.000000 9 14
0.000000 16541047.196401 0.000000 10 4
0.000000 10729321.691370 0.000000 3 18
0.000000 15094501.959351 0.000000 10 15
0.000000 11229972.116629 0.000000 11 0
0.000000 14785670.759009 0.000000 11 4
0.000000 13964895.032764 0.000000 11 7
0.000000 16556906.224292 0.000000 4 2
0.000000 11765977.064513 0.000000 11 5
0.000000 15617150.989119 0.000000 10 14
0.000000 10044304.305940 0.000000 10 17
0.000000 16709578.976353 0.000000 10 10
0.000000 12082059.137530 0.000000 10 13
0.000000 13549713.228922 0.000000 11 1
0.000000 16396469.590244 0.000000 10 3
0.000000 15851601.251930 0.000000 10 9
0.000000 16556906.224292 0.000000 4 2
0.000000 13281108.576401 0.000000 4 0
0.000000 16024546.695827 0.000000 4 1
0.000000 12850991.729427 0.000000 10 12
0.000000 14728404.115878 0.000000 10 11
0.000000 17333410.709954 0.000000 4 3
0.000000 9777184.632730 0.000000 11 19
0.000000 16757407.037561 0.000000 4 9
0.000000 14169390.507187 0.000000 11 9
0.000000 7771956.286558 0.000000 11 18
0.000000 8978378.134421 0.000000 11 17
0.000000 8995391.574265 0.000000 11 16
0.000000 13915013.971692 0.000000 4 5
0.000000 10409517.532720 0.000000 12 0
0.000000 14936317.533824 0.000000 11 10
0.000000 9691619.771799 0.000000 5 0
0.000000 11487213.015186 0.000000 11 12
0.000000 13959820.679807 0.000000 11 14
0.000000 10799881.433304 0.000000 11 13
0.000000 13492636.445503 0.000000 11 15
0.000000 12559779.842160 0.000000 12 1
0.000000 12944628.728810 0.000000 12 7
0.000000 13585646.232247 0.000000 12 3
0.000000 12051895.712851 0.000000 5 7
0.000000 13165389.801550 0.000000 11 11
0.000000 17486249.893380 0.000000 4 4
0.000000 13705439.105229 0.000000 12 4
0.000000 12977034.608661 0.000000 12 2
0.000000 12749852.245809 0.000000 12 8
0.000000 10906362.301641 0.000000 12 5
0.000000 13021898.562852 0.000000 12 6
0.000000 13134183.895037 0.000000 12 9
0.000000 12082066.704753 0.000000 5 2
0.000000 9062869.774117 0.000000 12 19
0.000000 16614146.442122 0.000000 4 6
0.000000 11693588.128743 0.000000 5 1
0.000000 12228378.109406 0.000000 5 9
0.000000 11562971.779260 0.000000 4 19
0.000000 17664412.060752 0.000000 4 10
0.000000 11562971.779260 0.000000 4 19
0.000000 16267052.865692 0.000000 4 8
0.000000 10154199.384129 0.000000 5 5
0.000000 8437844.272832 0.000000 5 19
0.000000 12580403.454384 0.000000 13 1
0.000000 8322423.567348 0.000000 12 17
0.000000 12890246.638598 0.000000 5 10
0.000000 7204142.128521 0.000000 12 18
0.000000 12939925.104846 0.000000 12 14
0.000000 10426610.336551 0.000000 13 0
0.000000 13845079.723037 0.000000 12 10
0.000000 12123836.593034 0.000000 5 6
0.000000 12506873.052366 0.000000 12 15
0.000000 8338194.016686 0.000000 12 16
0.000000 16757407.037561 0.000000 4 9
0.000000 12203534.838886 0.000000 12 11
0.000000 10010848.999935 0.000000 12 13
0.000000 12051895.712851 0.000000 5 7
0.000000 15570027.208208 0.000000 4 11
0.000000 12965884.276810 0.000000 13 7
0.000000 10924270.942535 0.000000 13 5
0.000000 10638385.468104 0.000000 4 16
0.000000 13585334.114018 0.000000 4 12
0.000000 9320445.620736 0.000000 5 13
0.000000 17664412.060752 0.000000 4 10
0.000000 11361911.746555 0.000000 5 11
0.000000 15570027.208208 0.000000 4 11
0.000000 9191491.681090 0.000000 4 18
0.000000 13043280.990705 0.000000 13 6
0.000000 16515560.792649 0.000000 4 7
0.000000 6707304.740239 0.000000 5 18
0.000000 10154199.384129 0.000000 5 5
0.000000 12760236.408171 0.000000 5 4
0.000000 12998343.368278 0.000000 13 2
0.000000 13727943.931349 0.000000 13 4
0.000000 12772462.516728 0.000000 4 13
0.000000 13915013.971692 0.000000 4 5
0.000000 12648705.112915 0.000000 5 3
0.000000 13607954.354136 0.000000 13 3
0.000000 11870552.090838 0.000000 5 8
0.000000 16267052.865692 0.000000 4 8
0.000000 7763146.153336 0.000000 5 16
0.000000 10618264.552143 0.000000 4 17
0.000000 16509559.617210 0.000000 4 14
0.000000 16509559.617210 0.000000 4 14
0.000000 16515560.792649 0.000000 4 7
0.000000 16614146.442122 0.000000 4 6
0.000000 7748463.321260 0.000000 5 17
0.000000 9913622.191063 0.000000 5 12
0.000000 10647964.575654 0.000000 12 12
0.000000 17333410.709954 0.000000 4 3
0.000000 17486249.893380 0.000000 4 4
0.000000 12228378.109406 0.000000 5 9
0.000000 12772462.516728 0.000000 4 13
0.000000 12223573.483941 0.000000 13 11
0.000000 12648705.112915 0.000000 5 3
0.000000 9691619.771799 0.000000 5 0
0.000000 12082066.704753 0.000000 5 2
0.000000 11361911.746555 0.000000 5 11
0.000000 10027287.175630 0.000000 13 13
0.000000 9191491.681090 0.000000 4 18
0.000000 12890246.638598 0.000000 5 10
0.000000 15957044.928346 0.000000 4 15
0.000000 13155750.699457 0.000000 13 9
0.000000 12047516.476755 0.000000 5 14
0.000000 15957044.928346 0.000000 4 15
0.000000 12123836.593034 0.000000 5 6
0.000000 10618264.552143 0.000000 4 17
0.000000 12770787.963784 0.000000 13 8
0.000000 11693588.128743 0.000000 5 1
0.000000 12760236.408171 0.000000 5 4
0.000000 10665448.918144 0.000000 13 12
0.000000 13585334.114018 0.000000 4 12
0.000000 11644330.083371 0.000000 5 15
0.000000 11870552.090838 0.000000 5 8
0.000000 13867813.844095 0.000000 13 10
0.000000 8437844.272832 0.000000 5 19
0.000000 9913622.191063 0.000000 5 12
0.000000 7763146.153336 0.000000 5 16
0.000000 10638385.468104 0.000000 4 16
0.000000 9320445.620736 0.000000 5 13
0.000000 7748463.321260 0.000000 5 17
0.000000 11644330.083371 0.000000 5 15
0.000000 12047516.476755 0.000000 5 14
0.000000 16024546.695827 0.000000 6 1
0.000000 17486249.893380 0.000000 6 4
0.000000 13281108.576401 0.000000 6 0
0.000000 16556906.224292 0.000000 6 2
0.000000 16509559.617210 0.000000 6 14
0.000000 15580316.680691 0.000000 14 7
0.000000 8336089.287493 0.000000 13 17
0.000000 9077751.333672 0.000000 13 19
0.000000 16351853.346466 0.000000 14 3
0.000000 12527409.789723 0.000000 13 15
0.000000 8351885.632481 0.000000 13 16
0.000000 13585334.114018 0.000000 6 12
0.000000 10908183.158866 0.000000 14 19
0.000000 14963905.788719 0.000000 7 7
0.000000 6707304.740239 0.000000 5 18
0.000000 15570027.208208 0.000000 6 11
0.000000 10638385.468104 0.000000 6 16
0.000000 13585334.114018 0.000000 6 12
0.000000 14107206.119158 0.000000 7 11
0.000000 11562971.779260 0.000000 6 19
0.000000 7215971.590147 0.000000 13 18
0.000000 16267052.865692 0.000000 6 8
0.000000 16614146.442122 0.000000 6 6
0.000000 12529025.207818 0.000000 14 0
0.000000 14688326.825767 0.000000 14 11
0.000000 15704917.811689 0.000000 7 3
0.000000 12049182.786140 0.000000 14 13
0.000000 15053428.484637 0.000000 14 15
0.000000 16753399.540465 0.000000 15 3
0.000000 12836695.676784 0.000000 15 0
0.000000 16002878.474253 0.000000 15 2
0.000000 12033333.896706 0.000000 7 0
0.000000 15843397.586668 0.000000 7 4
0.000000 15345881.274770 0.000000 14 8
0.000000 16515560.792649 0.000000 6 7
0.000000 10035954.373696 0.000000 14 16
0.000000 15488332.777998 0.000000 15 1
0.000000 16664110.734236 0.000000 14 10
0.000000 8670995.369919 0.000000 14 18
0.000000 11562971.779260 0.000000 6 19
0.000000 16024546.695827 0.000000 6 1
0.000000 16901124.414315 0.000000 15 4
0.000000 15183030.314917 0.000000 7 9
0.000000 15619320.801150 0.000000 14 2
0.000000 15117107.757962 0.000000 14 1
0.000000 12772462.516728 0.000000 6 13
0.000000 15673319.616599 0.000000 14 6
0.000000 10016972.865645 0.000000 14 17
0.000000 13281108.576401 0.000000 6 0
0.000000 10638385.468104 0.000000 6 16
0.000000 15570027.208208 0.000000 6 11
0.000000 13449389.308470 0.000000 15 5
0.000000 15808467.643090 0.000000 14 9
0.000000 14738745.453481 0.000000 7 8
0.000000 17333410.709954 0.000000 6 3
0.000000 16058203.317949 0.000000 15 6
0.000000 17333410.709954 0.000000 6 3
0.000000 10618264.552143 0.000000 6 17
0.000000 9191491.681090 0.000000 6 18
0.000000 15574655.340162 0.000000 14 14
0.000000 16515560.792649 0.000000 6 7
0.000000 12961172.929324 0.000000 13 14
0.000000 12772462.516728 0.000000 6 13
0.000000 16004821.223553 0.000000 7 10
0.000000 12033333.896706 0.000000 7 0
0.000000 17486249.893380 0.000000 6 4
0.000000 13915013.971692 0.000000 6 5
0.000000 16757407.037561 0.000000 6 9
0.000000 13127033.772393 0.000000 14 5
0.000000 14963905.788719 0.000000 7 7
0.000000 10199418.086282 0.000000 16 6
0.000000 16496037.544160 0.000000 14 4
0.000000 15722724.198329 0.000000 15 8
0.000000 15049022.436766 0.000000 15 11
0.000000 15957044.928346 0.000000 6 15
0.000000 15053229.208868 0.000000 7 6
0.000000 14107206.119158 0.000000 7 11
0.000000 15183030.314917 0.000000 7 9
0.000000 16556906.224292 0.000000 6 2
0.000000 17664412.060752 0.000000 6 10
0.000000 12816023.044446 0.000000 14 12
0.000000 16196670.122647 0.000000 15 9
0.000000 12607683.186491 0.000000 7 5
0.000000 15843397.586668 0.000000 7 4
0.000000 15053229.208868 0.000000 7 6
0.000000 15704917.811689 0.000000 7 3
0.000000 10282403.457772 0.000000 15 16
0.000000 14738745.453481 0.000000 7 8
0.000000 14519023.003460 0.000000 7 1
0.000000 17073324.913268 0.000000 15 10
0.000000 12607683.186491 0.000000 7 5
0.000000 13915013.971692 0.000000 6 5
0.000000 15957044.928346 0.000000 6 15
0.000000 16509559.617210 0.000000 6 14
0.000000 9191491.681090 0.000000 6 18
0.000000 16614146.442122 0.000000 6 6
0.000000 8542421.703745 0.000000 16 5
0.000000 15001366.772262 0.000000 7 2
0.000000 9986337.473043 0.000000 16 8
0.000000 14519023.003460 0.000000 7 1
0.000000 8883925.679034 0.000000 15 18
0.000000 10734802.057334 0.000000 16 4
0.000000 15423089.757063 0.000000 15 15
0.000000 17664412.060752 0.000000 6 10
0.000000 10262955.828303 0.000000 15 17
0.000000 9837463.028564 0.000000 16 1
0.000000 8153267.426986 0.000000 16 0
0.000000 9558433.691561 0.000000 16 11
0.000000 15001366.772262 0.000000 7 2
0.000000 10164278.339237 0.000000 16 2
0.000000 15957116.180773 0.000000 15 14
0.000000 13130741.209271 0.000000 15 12
0.000000 10640974.142917 0.000000 16 3
0.000000 7841009.807953 0.000000 16 13
0.000000 12345069.948653 0.000000 15 13
0.000000 8340031.366950 0.000000 16 12
0.000000 16267052.865692 0.000000 6 8
0.000000 10287365.711625 0.000000 16 9
0.000000 7098503.911991 0.000000 16 19
0.000000 15962916.544674 0.000000 15 7
0.000000 10138896.392937 0.000000 16 7
0.000000 16004821.223553 0.000000 7 10
0.000000 10844175.743373 0.000000 16 10
0.000000 11176051.230845 0.000000 15 19
0.000000 16757407.037561 0.000000 6 9
0.000000 12308977.112229 0.000000 7 12
0.000000 5642653.193919 0.000000 16 18
0.000000 6530900.731871 0.000000 16 16
0.000000 9247206.872182 0.000000 17 0
0.000000 6518548.508213 0.000000 16 17
0.000000 11157374.210913 0.000000 17 1
0.000000 11528038.954715 0.000000 17 2
0.000000 10135212.273703 0.000000 16 14
0.000000 9688574.720907 0.000000 17 5
0.000000 12068693.943805 0.000000 17 3
0.000000 11499251.464876 0.000000 17 7
0.000000 11572475.690979 0.000000 7 13
0.000000 9796023.721238 0.000000 16 15
0.000000 10618264.552143 0.000000 6 17
0.000000 11567893.468861 0.000000 17 6
0.000000 12175110.929041 0.000000 17 4
0.000000 8327940.982970 0.000000 7 18
0.000000 11326223.423475 0.000000 17 8
0.000000 14958468.430290 0.000000 7 14
0.000000 11572475.690979 0.000000 7 13
0.000000 12308977.112229 0.000000 7 12
0.000000 11667641.194492 0.000000 17 9
0.000000 14958468.430290 0.000000 7 14
0.000000 10476617.931788 0.000000 7 19
0.000000 14457863.101283 0.000000 7 15
0.000000 9620666.981362 0.000000 7 17
0.000000 9638897.516018 0.000000 7 16
0.000000 8050923.724171 0.000000 17 19
0.000000 9638897.516018 0.000000 7 16
0.000000 14457863.101283 0.000000 7 15
0.000000 10279437.524700 0.000000 18 8
0.000000 10436474.064924 0.000000 18 7
0.000000 8327940.982970 0.000000 7 18
0.000000 10589300.973502 0.000000 18 9
0.000000 12299159.491089 0.000000 17 10
0.000000 10126193.599703 0.000000 18 1
0.000000 10498772.076222 0.000000 18 6
0.000000 10953287.849362 0.000000 18 3
0.000000 8793142.676249 0.000000 18 5
0.000000 11049869.623020 0.000000 18 4
0.000000 11495073.040318 0.000000 17 14
0.000000 10840906.975112 0.000000 17 11
0.000000 11110374.912088 0.000000 17 15
0.000000 7393154.597491 0.000000 17 17
0.000000 14617809.099158 0.000000 8 2
0.000000 7407164.142690 0.000000 17 16
0.000000 8392566.680610 0.000000 18 0
0.000000 14147797.983424 0.000000 8 1
0.000000 10476617.931788 0.000000 7 19
0.000000 10432681.816400 0.000000 18 14
0.000000 8893053.052661 0.000000 17 13
0.000000 10462600.973873 0.000000 18 2
0.000000 7306845.745905 0.000000 18 19
0.000000 9620666.981362 0.000000 7 17
0.000000 11680004.754391 0.000000 19 4
0.000000 9294584.621257 0.000000 19 5
0.000000 6709868.590243 0.000000 18 17
0.000000 6399738.737969 0.000000 17 18
0.000000 11059246.243145 0.000000 19 2
0.000000 9459029.286316 0.000000 17 12
0.000000 11577915.262250 0.000000 19 3
0.000000 12285327.650415 0.000000 8 5
0.000000 9838974.722338 0.000000 18 11
0.000000 11162453.438185 0.000000 18 10
0.000000 10083538.044237 0.000000 18 15
0.000000 8871165.187890 0.000000 19 0
0.000000 5808265.656680 0.000000 18 18
0.000000 8584812.161803 0.000000 18 12
0.000000 11725663.427740 0.000000 8 0
0.000000 6722583.352988 0.000000 18 16
0.000000 8071144.267775 0.000000 18 13
0.000000 15595607.044507 0.000000 8 10
0.000000 10703654.741981 0.000000 19 1
0.000000 15438310.716501 0.000000 8 4
0.000000 10208749.859808 0.000000 8 19
0.000000 14668345.507517 0.000000 8 6
0.000000 7105948.595221 0.000000 19 16
0.000000 10658566.690233 0.000000 19 15
0.000000 14147797.983424 0.000000 8 1
0.000000 6139490.582202 0.000000 19 18
0.000000 10865637.628014 0.000000 19 8
0.000000 11725663.427740 0.000000 8 0
0.000000 11031629.408897 0.000000 19 7
0.000000 10208749.859808 0.000000 8 19
0.000000 15303371.617689 0.000000 8 3
0.000000 11097480.056100 0.000000 19 6
0.000000 11027620.901794 0.000000 19 14
0.000000 11276588.528465 0.000000 8 13
0.000000 7723529.413734 0.000000 19 19
0.000000 9074373.751530 0.000000 19 12
0.000000 11193171.497256 0.000000 19 9
0.000000 14794827.835361 0.000000 8 9
0.000000 14617809.099158 0.000000 8 2
0.000000 8531413.187367 0.000000 19 13
0.000000 11799008.827811 0.000000 19 10
0.000000 9392448.431943 0.000000 8 16
0.000000 9374684.018704 0.000000 8 17
0.000000 15595607.044507 0.000000 8 10
0.000000 8115010.673706 0.000000 8 18
0.000000 11994258.947404 0.000000 8 12
0.000000 14088201.828857 0.000000 8 15
0.000000 7092508.754302 0.000000 19 17
0.000000 14088201.828857 0.000000 8 15
0.000000 10400056.783892 0.000000 19 11
0.000000 14576007.589679 0.000000 8 14
0.000000 14581305.924737 0.000000 8 7
0.000000 14581305.924737 0.000000 8 7
0.000000 8115010.673706 0.000000 8 18
0.000000 9392448.431943 0.000000 8 16
0.000000 14794827.835361 0.000000 8 9
0.000000 13746510.508159 0.000000 8 11
0.000000 14361902.529922 0.000000 8 8
0.000000 15438310.716501 0.000000 8 4
0.000000 14361902.529922 0.000000 8 8
0.000000 12802510.069121 0.000000 9 0
0.000000 15447085.553549 0.000000 9 1
0.000000 15303371.617689 0.000000 8 3
0.000000 12312193.597263 0.000000 9 13
0.000000 12285327.650415 0.000000 8 5
0.000000 16708783.296688 0.000000 9 3
0.000000 14668345.507517 0.000000 8 6
0.000000 13746510.508159 0.000000 8 11
0.000000 15680852.762378 0.000000 9 8
0.000000 12802510.069121 0.000000 9 0
0.000000 11994258.947404 0.000000 8 12
0.000000 15680852.762378 0.000000 9 8
0.000000 16856114.762079 0.000000 9 4
0.000000 13413572.026684 0.000000 9 5
0.000000 14576007.589679 0.000000 8 14
0.000000 11276588.528465 0.000000 8 13
0.000000 17027856.671154 0.000000 9 10
0.000000 9374684.018704 0.000000 8 17
0.000000 15960260.955020 0.000000 9 2
0.000000 13095772.524291 0.000000 9 12
0.000000 15008945.146655 0.000000 9 11
0.000000 15382016.282349 0.000000 9 15
0.000000 16856114.762079 0.000000 9 4
0.000000 13413572.026684 0.000000 9 5
0.000000 16153536.513807 0.000000 9 9
0.000000 15920405.448676 0.000000 9 7
0.000000 15447085.553549 0.000000 9 1
0.000000 11146288.111737 0.000000 9 19
0.000000 17027856.671154 0.000000 9 10
0.000000 16015438.462244 0.000000 9 6
0.000000 15914620.531816 0.000000 9 14
0.000000 13095772.524291 0.000000 9 12
0.000000 16708783.296688 0.000000 9 3
0.000000 16015438.462244 0.000000 9 6
0.000000 15008945.146655 0.000000 9 11
0.000000 15920405.448676 0.000000 9 7
0.000000 11146288.111737 0.000000 9 19
0.000000 10255020.226208 0.000000 9 16
0.000000 15960260.955020 0.000000 9 2
0.000000 12563210.815481 0.000000 10 0
0.000000 16153536.513807 0.000000 9 9
0.000000 15914620.531816 0.000000 9 14
0.000000 10235624.388008 0.000000 9 17
0.000000 8860266.755799 0.000000 9 18
0.000000 16396469.590244 0.000000 10 3
0.000000 12312193.597263 0.000000 9 13
0.000000 15158354.982411 0.000000 10 1
0.000000 15382016.282349 0.000000 9 15
0.000000 16396469.590244 0.000000 10 3
0.000000 15661938.320384 0.000000 10 2
0.000000 15387752.710721 0.000000 10 8
0.000000 13999855.070270 0.000000 11 2
0.000000 14728404.115878 0.000000 10 11
0.000000 14785670.759009 0.000000 11 4
0.000000 13162851.054179 0.000000 10 5
0.000000 13549713.228922 0.000000 11 1
0.000000 10937946.277975 0.000000 10 19
0.000000 12082059.137530 0.000000 10 13
0.000000 16541047.196401 0.000000 10 4
0.000000 10937946.277975 0.000000 10 19
0.000000 14656436.082912 0.000000 11 3
0.000000 16541047.196401 0.000000 10 4
0.000000 8860266.755799 0.000000 9 18
0.000000 13549713.228922 0.000000 11 1
0.000000 10255020.226208 0.000000 9 16
0.000000 15661938.320384 0.000000 10 2
0.000000 10235624.388008 0.000000 9 17
0.000000 12850991.729427 0.000000 10 12
0.000000 11765977.064513 0.000000 11 5
0.000000 12563210.815481 0.000000 10 0
0.000000 15158354.982411 0.000000 10 1
0.000000 15622827.776689 0.000000 10 7
0.000000 14048255.099786 0.000000 11 6
0.000000 15622827.776689 0.000000 10 7
0.000000 16709578.976353 0.000000 10 10
0.000000 10799881.433304 0.000000 11 13
0.000000 13999855.070270 0.000000 11 2
0.000000 11229972.116629 0.000000 11 0
0.000000 15716084.472304 0.000000 10 6
0.000000 13162851.054179 0.000000 10 5
0.000000 15617150.989119 0.000000 10 14
0.000000 16709578.976353 0.000000 10 10
0.000000 13754766.708632 0.000000 11 8
0.000000 15851601.251930 0.000000 10 9
0.000000 11229972.116629 0.000000 11 0
0.000000 10063337.605260 0.000000 10 16
0.000000 8694654.293154 0.000000 10 18
0.000000 15851601.251930 0.000000 10 9
0.000000 15094501.959351 0.000000 10 15
0.000000 15387752.710721 0.000000 10 8
0.000000 10044304.305940 0.000000 10 17
0.000000 15716084.472304 0.000000 10 6
0.000000 13754766.708632 0.000000 11 8
0.000000 13964895.032764 0.000000 11 7
0.000000 14656436.082912 0.000000 11 3
0.000000 14936317.533824 0.000000 11 10
0.000000 11765977.064513 0.000000 11 5
0.000000 12082059.137530 0.000000 10 13
0.000000 10044304.305940 0.000000 10 17
0.000000 14169390.507187 0.000000 11 9
0.000000 10063337.605260 0.000000 10 16
0.000000 15617150.989119 0.000000 10 14
0.000000 13165389.801550 0.000000 11 11
0.000000 14785670.759009 0.000000 11 4
0.000000 8694654.293154 0.000000 10 18
0.000000 14048255.099786 0.000000 11 6
0.000000 14728404.115878 0.000000 10 11
0.000000 13964895.032764 0.000000 11 7
0.000000 15094501.959351 0.000000 10 15
0.000000 14169390.507187 0.000000 11 9
0.000000 13165389.801550 0.000000 11 11
0.000000 13959820.679807 0.000000 11 14
0.000000 14936317.533824 0.000000 11 10
0.000000 12850991.729427 0.000000 10 12
0.000000 13492636.445503 0.000000 11 15
0.000000 10799881.433304 0.000000 11 13
0.000000 11487213.015186 0.000000 11 12
0.000000 8978378.134421 0.000000 11 17
0.000000 11487213.015186 0.000000 11 12
0.000000 9777184.632730 0.000000 11 19
0.000000 7771956.286558 0.000000 11 18
0.000000 12559779.842160 0.000000 12 1
0.000000 7771956.286558 0.000000 11 18
0.000000 13959820.679807 0.000000 11 14
0.000000 8995391.574265 0.000000 11 16
0.000000 10409517.532720 0.000000 12 0
0.000000 13585646.232247 0.000000 12 3
0.000000 13492636.445503 0.000000 11 15
0.000000 12977034.608661 0.000000 12 2
0.000000 8978378.134421 0.000000 11 17
0.000000 8995391.574265 0.000000 11 16
0.000000 12749852.245809 0.000000 12 8
0.000000 13705439.105229 0.000000 12 4
0.000000 9777184.632730 0.000000 11 19
0.000000 10409517.532720 0.000000 12 0
0.000000 13021898.562852 0.000000 12 6
0.000000 13705439.105229 0.000000 12 4
0.000000 12977034.608661 0.000000 12 2
0.000000 12559779.842160 0.000000 12 1
0.000000 10010848.999935 0.000000 12 13
0.000000 13134183.895037 0.000000 12 9
0.000000 10906362.301641 0.000000 12 5
0.000000 12749852.245809 0.000000 12 8
0.000000 10647964.575654 0.000000 12 12
0.000000 10010848.999935 0.000000 12 13
0.000000 9062869.774117 0.000000 12 19
0.000000 13845079.723037 0.000000 12 10
0.000000 12203534.838886 0.000000 12 11
0.000000 12944628.728810 0.000000 12 7
0.000000 12998343.368278 0.000000 13 2
0.000000 10924270.942535 0.000000 13 5
0.000000 13585646.232247 0.000000 12 3
0.000000 12506873.052366 0.000000 12 15
0.000000 12580403.454384 0.000000 13 1
0.000000 13021898.562852 0.000000 12 6
0.000000 12939925.104846 0.000000 12 14
0.000000 10906362.301641 0.000000 12 5
0.000000 12944628.728810 0.000000 12 7
0.000000 12770787.963784 0.000000 13 8
0.000000 13727943.931349 0.000000 13 4
0.000000 10426610.336551 0.000000 13 0
0.000000 8338194.016686 0.000000 12 16
0.000000 8322423.567348 0.000000 12 17
0.000000 10426610.336551 0.000000 13 0
0.000000 12203534.838886 0.000000 12 11
0.000000 9062869.774117 0.000000 12 19
0.000000 13845079.723037 0.000000 12 10
0.000000 7204142.128521 0.000000 12 18
0.000000 10647964.575654 0.000000 12 12
0.000000 12506873.052366 0.000000 12 15
0.000000 12965884.276810 0.000000 13 7
0.000000 13867813.844095 0.000000 13 10
0.000000 7204142.128521 0.000000 12 18
0.000000 13727943.931349 0.000000 13 4
0.000000 8338194.016686 0.000000 12 16
0.000000 13134183.895037 0.000000 12 9
0.000000 12939925.104846 0.000000 12 14
0.000000 10924270.942535 0.000000 13 5
0.000000 12965884.276810 0.000000 13 7
0.000000 12998343.368278 0.000000 13 2
0.000000 12580403.454384 0.000000 13 1
0.000000 13043280.990705 0.000000 13 6
0.000000 13155750.699457 0.000000 13 9
0.000000 12223573.483941 0.000000 13 11
0.000000 13607954.354136 0.000000 13 3
0.000000 13607954.354136 0.000000 13 3
0.000000 13155750.699457 0.000000 13 9
0.000000 8322423.567348 0.000000 12 17
0.000000 13043280.990705 0.000000 13 6
0.000000 13867813.844095 0.000000 13 10
0.000000 12770787.963784 0.000000 13 8
0.000000 12527409.789723 0.000000 13 15
0.000000 12223573.483941 0.000000 13 11
0.000000 8336089.287493 0.000000 13 17
0.000000 12961172.929324 0.000000 13 14
0.000000 8351885.632481 0.000000 13 16
0.000000 9077751.333672 0.000000 13 19
0.000000 9077751.333672 0.000000 13 19
0.000000 10027287.175630 0.000000 13 13
0.000000 8336089.287493 0.000000 13 17
0.000000 10665448.918144 0.000000 13 12
0.000000 10027287.175630 0.000000 13 13
0.000000 10665448.918144 0.000000 13 12
0.000000 7215971.590147 0.000000 13 18
0.000000 15117107.757962 0.000000 14 1
0.000000 15619320.801150 0.000000 14 2
0.000000 8351885.632481 0.000000 13 16
0.000000 16351853.346466 0.000000 14 3
0.000000 16664110.734236 0.000000 14 10
0.000000 12527409.789723 0.000000 13 15
0.000000 12529025.207818 0.000000 14 0
0.000000 12529025.207818 0.000000 14 0
0.000000 16351853.346466 0.000000 14 3
0.000000 10908183.158866 0.000000 14 19
0.000000 14688326.825767 0.000000 14 11
0.000000 15580316.680691 0.000000 14 7
0.000000 12049182.786140 0.000000 14 13
0.000000 15117107.757962 0.000000 14 1
0.000000 15053428.484637 0.000000 14 15
0.000000 15619320.801150 0.000000 14 2
0.000000 7215971.590147 0.000000 13 18
0.000000 15808467.643090 0.000000 14 9
0.000000 12961172.929324 0.000000 13 14
0.000000 16496037.544160 0.000000 14 4
0.000000 10035954.373696 0.000000 14 16
0.000000 15673319.616599 0.000000 14 6
0.000000 15673319.616599 0.000000 14 6
0.000000 12816023.044446 0.000000 14 12
0.000000 15574655.340162 0.000000 14 14
0.000000 15488332.777998 0.000000 15 1
0.000000 13127033.772393 0.000000 14 5
0.000000 16753399.540465 0.000000 15 3
0.000000 15345881.274770 0.000000 14 8
0.000000 13127033.772393 0.000000 14 5
0.000000 10908183.158866 0.000000 14 19
0.000000 12836695.676784 0.000000 15 0
0.000000 16496037.544160 0.000000 14 4
0.000000 12049182.786140 0.000000 14 13
0.000000 16901124.414315 0.000000 15 4
0.000000 10016972.865645 0.000000 14 17
0.000000 8670995.369919 0.000000 14 18
0.000000 15808467.643090 0.000000 14 9
0.000000 13449389.308470 0.000000 15 5
0.000000 14688326.825767 0.000000 14 11
0.000000 15722724.198329 0.000000 15 8
0.000000 15488332.777998 0.000000 15 1
0.000000 15580316.680691 0.000000 14 7
0.000000 16002878.474253 0.000000 15 2
0.000000 16901124.414315 0.000000 15 4
0.000000 10035954.373696 0.000000 14 16
0.000000 15962916.544674 0.000000 15 7
0.000000 12836695.676784 0.000000 15 0
0.000000 8670995.369919 0.000000 14 18
0.000000 15574655.340162 0.000000 14 14
0.000000 16664110.734236 0.000000 14 10
0.000000 16058203.317949 0.000000 15 6
0.000000 15053428.484637 0.000000 14 15
0.000000 16002878.474253 0.000000 15 2
0.000000 10016972.865645 0.000000 14 17
0.000000 17073324.913268 0.000000 15 10
0.000000 15345881.274770 0.000000 14 8
0.000000 11176051.230845 0.000000 15 19
0.000000 16058203.317949 0.000000 15 6
0.000000 15049022.436766 0.000000 15 11
0.000000 12816023.044446 0.000000 14 12
0.000000 15722724.198329 0.000000 15 8
0.000000 16196670.122647 0.000000 15 9
0.000000 17073324.913268 0.000000 15 10
0.000000 15962916.544674 0.000000 15 7
0.000000 16196670.122647 0.000000 15 9
0.000000 8153267.426986 0.000000 16 0
0.000000 10138896.392937 0.000000 16 7
0.000000 16753399.540465 0.000000 15 3
0.000000 13449389.308470 0.000000 15 5
0.000000 15049022.436766 0.000000 15 11
0.000000 9837463.028564 0.000000 16 1
0.000000 8883925.679034 0.000000 15 18
0.000000 10282403.457772 0.000000 15 16
0.000000 8542421.703745 0.000000 16 5
0.000000 8153267.426986 0.000000 16 0
0.000000 9837463.028564 0.000000 16 1
0.000000 13130741.209271 0.000000 15 12
0.000000 10262955.828303 0.000000 15 17
0.000000 10164278.339237 0.000000 16 2
0.000000 10734802.057334 0.000000 16 4
0.000000 10282403.457772 0.000000 15 16
0.000000 7841009.807953 0.000000 16 13
0.000000 10262955.828303 0.000000 15 17
0.000000 10640974.142917 0.000000 16 3
0.000000 8542421.703745 0.000000 16 5
0.000000 10640974.142917 0.000000 16 3
0.000000 9986337.473043 0.000000 16 8
0.000000 8340031.366950 0.000000 16 12
0.000000 9558433.691561 0.000000 16 11
0.000000 10199418.086282 0.000000 16 6
0.000000 7098503.911991 0.000000 16 19
0.000000 10287365.711625 0.000000 16 9
0.000000 8340031.366950 0.000000 16 12
0.000000 10734802.057334 0.000000 16 4
0.000000 9558433.691561 0.000000 16 11
0.000000 10844175.743373 0.000000 16 10
0.000000 11176051.230845 0.000000 15 19
0.000000 12345069.948653 0.000000 15 13
0.000000 15957116.180773 0.000000 15 14
0.000000 12345069.948653 0.000000 15 13
0.000000 6530900.731871 0.000000 16 16
0.000000 10135212.273703 0.000000 16 14
0.000000 9796023.721238 0.000000 16 15
0.000000 15957116.180773 0.000000 15 14
0.000000 13130741.209271 0.000000 15 12
0.000000 15423089.757063 0.000000 15 15
0.000000 10164278.339237 0.000000 16 2
0.000000 15423089.757063 0.000000 15 15
0.000000 8883925.679034 0.000000 15 18
0.000000 7098503.911991 0.000000 16 19
0.000000 10138896.392937 0.000000 16 7
0.000000 10844175.743373 0.000000 16 10
0.000000 9247206.872182 0.000000 17 0
0.000000 9796023.721238 0.000000 16 15
0.000000 9688574.720907 0.000000 17 5
0.000000 12299159.491089 0.000000 17 10
0.000000 11567893.468861 0.000000 17 6
0.000000 9688574.720907 0.000000 17 5
0.000000 12175110.929041 0.000000 17 4
0.000000 7841009.807953 0.000000 16 13
0.000000 10135212.273703 0.000000 16 14
0.000000 9247206.872182 0.000000 17 0
0.000000 11157374.210913 0.000000 17 1
0.000000 6518548.508213 0.000000 16 17
0.000000 5642653.193919 0.000000 16 18
0.000000 11157374.210913 0.000000 17 1
0.000000 11326223.423475 0.000000 17 8
0.000000 6530900.731871 0.000000 16 16
0.000000 10287365.711625 0.000000 16 9
0.000000 5642653.193919 0.000000 16 18
0.000000 12068693.943805 0.000000 17 3
0.000000 11528038.954715 0.000000 17 2
0.000000 11667641.194492 0.000000 17 9
0.000000 12068693.943805 0.000000 17 3
0.000000 11567893.468861 0.000000 17 6
0.000000 10199418.086282 0.000000 16 6
0.000000 11499251.464876 0.000000 17 7
0.000000 9986337.473043 0.000000 16 8
0.000000 11528038.954715 0.000000 17 2
0.000000 8893053.052661 0.000000 17 13
0.000000 12175110.929041 0.000000 17 4
0.000000 11495073.040318 0.000000 17 14
0.000000 11326223.423475 0.000000 17 8
0.000000 11499251.464876 0.000000 17 7
0.000000 11110374.912088 0.000000 17 15
0.000000 11110374.912088 0.000000 17 15
0.000000 12299159.491089 0.000000 17 10
0.000000 11667641.194492 0.000000 17 9
0.000000 6518548.508213 0.000000 16 17
0.000000 9459029.286316 0.000000 17 12
0.000000 8050923.724171 0.000000 17 19
0.000000 9459029.286316 0.000000 17 12
0.000000 10126193.599703 0.000000 18 1
0.000000 10840906.975112 0.000000 17 11
0.000000 7407164.142690 0.000000 17 16
0.000000 10840906.975112 0.000000 17 11
0.000000 8050923.724171 0.000000 17 19
0.000000 7393154.597491 0.000000 17 17
0.000000 8392566.680610 0.000000 18 0
0.000000 10498772.076222 0.000000 18 6
0.000000 11495073.040318 0.000000 17 14
0.000000 7306845.745905 0.000000 18 19
0.000000 8893053.052661 0.000000 17 13
0.000000 8392566.680610 0.000000 18 0
0.000000 7407164.142690 0.000000 17 16
0.000000 8871165.187890 0.000000 19 0
0.000000 8793142.676249 0.000000 18 5
0.000000 10462600.973873 0.000000 18 2
0.000000 6399738.737969 0.000000 17 18
0.000000 10279437.524700 0.000000 18 8
0.000000 6399738.737969 0.000000 17 18
0.000000 8071144.267775 0.000000 18 13
0.000000 10436474.064924 0.000000 18 7
0.000000 10953287.849362 0.000000 18 3
0.000000 11049869.623020 0.000000 18 4
0.000000 7306845.745905 0.000000 18 19
0.000000 6722583.352988 0.000000 18 16
0.000000 6722583.352988 0.000000 18 16
0.000000 7393154.597491 0.000000 17 17
0.000000 9838974.722338 0.000000 18 11
0.000000 10703654.741981 0.000000 19 1
0.000000 10462600.973873 0.000000 18 2
0.000000 10953287.849362 0.000000 18 3
0.000000 11162453.438185 0.000000 18 10
0.000000 5808265.656680 0.000000 18 18
0.000000 8584812.161803 0.000000 18 12
0.000000 10589300.973502 0.000000 18 9
0.000000 10432681.816400 0.000000 18 14
0.000000 10589300.973502 0.000000 18 9
0.000000 11049869.623020 0.000000 18 4
0.000000 10126193.599703 0.000000 18 1
0.000000 11162453.438185 0.000000 18 10
0.000000 9838974.722338 0.000000 18 11
0.000000 10083538.044237 0.000000 18 15
0.000000 10498772.076222 0.000000 18 6
0.000000 8584812.161803 0.000000 18 12
0.000000 6709868.590243 0.000000 18 17
0.000000 11577915.262250 0.000000 19 3
0.000000 10703654.741981 0.000000 19 1
0.000000 10432681.816400 0.000000 18 14
0.000000 6709868.590243 0.000000 18 17
0.000000 11193171.497256 0.000000 19 9
0.000000 11059246.243145 0.000000 19 2
0.000000 8071144.267775 0.000000 18 13
0.000000 10436474.064924 0.000000 18 7
0.000000 10083538.044237 0.000000 18 15
0.000000 10279437.524700 0.000000 18 8
0.000000 8793142.676249 0.000000 18 5
0.000000 11680004.754391 0.000000 19 4
0.000000 11799008.827811 0.000000 19 10
0.000000 11031629.408897 0.000000 19 7
0.000000 9294584.621257 0.000000 19 5
0.000000 8871165.187890 0.000000 19 0
0.000000 9294584.621257 0.000000 19 5
0.000000 11799008.827811 0.000000 19 10
0.000000 10865637.628014 0.000000 19 8
0.000000 11097480.056100 0.000000 19 6
0.000000 11680004.754391 0.000000 19 4
0.000000 11577915.262250 0.000000 19 3
0.000000 10400056.783892 0.000000 19 11
0.000000 11031629.408897 0.000000 19 7
0.000000 11097480.056100 0.000000 19 6
0.000000 5808265.656680 0.000000 18 18
0.000000 9074373.751530 0.000000 19 12
0.000000 11027620.901794 0.000000 19 14
0.000000 11059246.243145 0.000000 19 2
0.000000 7723529.413734 0.000000 19 19
0.000000 10865637.628014 0.000000 19 8
0.000000 8531413.187367 0.000000 19 13
0.000000 7723529.413734 0.000000 19 19
0.000000 8531413.187367 0.000000 19 13
0.000000 11193171.497256 0.000000 19 9
0.000000 10658566.690233 0.000000 19 15
0.000000 10400056.783892 0.000000 19 11
0.000000 10658566.690233 0.000000 19 15
0.000000 11027620.901794 0.000000 19 14
0.000000 9074373.751530 0.000000 19 12
0.000000 7105948.595221 0.000000 19 16
0.000000 7092508.754302 0.000000 19 17
0.000000 7092508.754302 0.000000 19 17
0.000000 6139490.582202 0.000000 19 18
0.000000 7105948.595221 0.000000 19 16
0.000000 6139490.582202 0.000000 19 18
0.000000 0.000000 110725247.012835 19 19
0.000000 0.000000 146076180.046704 0 0
0.000000 0.000000 200766019.837287 11 11
0.000000 0.000000 248816995.345177 3 3
0.000000 0.000000 212658768.536757 1 1
0.000000 0.000000 135101389.808708 13 13
0.000000 0.000000 232554988.274642 9 9
0.000000 0.000000 93372116.742028 17 17
0.000000 0.000000 93726358.195782 16 16
0.000000 0.000000 219144086.297801 8 8
0.000000 0.000000 225726644.721133 14 14
0.000000 0.000000 160353606.314740 5 5
0.000000 0.000000 152844977.358107 12 12
0.000000 0.000000 228595675.914545 6 6
0.000000 0.000000 253224299.435365 4 4
0.000000 0.000000 225890816.230779 7 7
0.000000 0.000000 210870817.007334 15 15
0.000000 0.000000 227023239.877947 2 2
0.000000 0.000000 258410618.275359 10 10
0.000000 0.000000 69965439.278635 18 18
0.000000 0.000000 254367578.677781 0 19
0.000000 0.000000 306911513.487630 1 19
0.000000 0.000000 306108885.658673 0 5
0.000000 0.000000 317107575.259064 2 19
0.000000 0.000000 363184895.738842 0 14
0.000000 0.000000 331979645.180942 3 19
0.000000 0.000000 438366178.623244 1 7
0.000000 0.000000 388589871.567878 0 10
0.000000 0.000000 234028103.258759 0 16
0.000000 0.000000 263893071.793092 3 18
0.000000 0.000000 351030422.673640 0 15
0.000000 0.000000 363316912.404746 0 7
0.000000 0.000000 202198666.862023 0 18
0.000000 0.000000 438206892.865950 1 14
0.000000 0.000000 281836513.018865 1 17
0.000000 0.000000 282370574.566318 1 16
0.000000 0.000000 368637158.135711 0 9
0.000000 0.000000 413269245.668961 1 11
0.000000 0.000000 464130807.321307 1 4
0.000000 0.000000 439463596.725117 1 2
0.000000 0.000000 460074054.975669 1 3
0.000000 0.000000 452764784.064629 2 14
0.000000 0.000000 384670578.192312 0 4
0.000000 0.000000 233585474.067816 0 17
0.000000 0.000000 342516629.813672 0 11
0.000000 0.000000 352515358.449096 0 1
0.000000 0.000000 280974512.799941 0 13
0.000000 0.000000 381308351.093809 0 3
0.000000 0.000000 291199545.429718 2 17
0.000000 0.000000 473999058.342036 3 14
0.000000 0.000000 243966228.846632 1 18
0.000000 0.000000 304856550.684681 3 17
0.000000 0.000000 339014561.392741 1 13
0.000000 0.000000 423541707.847663 1 15
0.000000 0.000000 484435920.670247 2 10
0.000000 0.000000 440982901.318949 1 6
0.000000 0.000000 390042843.145954 3 12
0.000000 0.000000 507155543.574082 3 10
0.000000 0.000000 458136040.381124 3 15
0.000000 0.000000 431770130.462914 1 8
0.000000 0.000000 364226449.149032 0 2
0.000000 0.000000 357850121.516920 0 8
0.000000 0.000000 365485645.651288 0 6
0.000000 0.000000 447024536.521918 3 11
0.000000 0.000000 366704827.051241 3 13
0.000000 0.000000 360590300.392939 1 12
0.000000 0.000000 252071154.472712 2 18
0.000000 0.000000 468859697.439442 1 10
0.000000 0.000000 426998671.495203 2 11
0.000000 0.000000 305434234.110895 3 16
0.000000 0.000000 369340864.104570 1 5
0.000000 0.000000 403030851.278935 4 5
0.000000 0.000000 298856436.961350 0 12
0.000000 0.000000 459561852.207816 2 9
0.000000 0.000000 350277135.039279 2 13
0.000000 0.000000 477001807.117108 3 6
0.000000 0.000000 481207820.511773 4 6
0.000000 0.000000 471154692.903614 4 8
0.000000 0.000000 511627440.808587 4 10
0.000000 0.000000 485357184.582081 4 9
0.000000 0.000000 437612399.444242 2 15
0.000000 0.000000 372569651.422142 2 12
0.000000 0.000000 110725247.012835 19 19
0.000000 0.000000 474171356.921393 3 7
0.000000 0.000000 444785411.477616 1 9
0.000000 0.000000 481114902.306480 3 9
0.000000 0.000000 479549930.959290 2 4
0.000000 0.000000 291751349.214118 2 16
0.000000 0.000000 110725247.012835 19 19
0.000000 0.000000 399508144.292353 3 5
0.000000 0.000000 478352411.487659 4 7
0.000000 0.000000 467036549.656051 3 8
0.000000 0.000000 452929363.041992 2 7
0.000000 0.000000 455633015.689898 2 6
0.000000 0.000000 381610923.768084 2 5
0.000000 0.000000 475358407.355776 2 3
0.000000 0.000000 502040405.094815 3 4
0.000000 0.000000 446114183.123973 2 8
0.000000 0.000000 450966221.808118 4 11
0.000000 0.000000 146076180.046704 0 0
0.000000 0.000000 135101389.808708 13 13
0.000000 0.000000 152844977.358107 12 12
0.000000 0.000000 160353606.314740 5 5
0.000000 0.000000 219144086.297801 8 8
0.000000 0.000000 225726644.721133 14 14
0.000000 0.000000 200766019.837287 11 11
0.000000 0.000000 253224299.435365 4 4
0.000000 0.000000 93372116.742028 17 17
0.000000 0.000000 225890816.230779 7 7
0.000000 0.000000 146076180.046704 0 0
0.000000 0.000000 258410618.275359 10 10
0.000000 0.000000 210870817.007334 15 15
0.000000 0.000000 160353606.314740 5 5
0.000000 0.000000 200766019.837287 11 11
0.000000 0.000000 212658768.536757 1 1
0.000000 0.000000 93372116.742028 17 17
0.000000 0.000000 93726358.195782 16 16
0.000000 0.000000 248816995.345177 3 3
0.000000 0.000000 135101389.808708 13 13
0.000000 0.000000 93726358.195782 16 16
0.000000 0.000000 212658768.536757 1 1
0.000000 0.000000 210870817.007334 15 15
0.000000 0.000000 219144086.297801 8 8
0.000000 0.000000 228595675.914545 6 6
0.000000 0.000000 232554988.274642 9 9
0.000000 0.000000 225726644.721133 14 14
0.000000 0.000000 232554988.274642 9 9
0.000000 0.000000 478178596.764503 4 14
0.000000 0.000000 258410618.275359 10 10
0.000000 0.000000 334906909.174901 4 19
0.000000 0.000000 228595675.914545 6 6
0.000000 0.000000 152844977.358107 12 12
0.000000 0.000000 227023239.877947 2 2
0.000000 0.000000 69965439.278635 18 18
0.000000 0.000000 253224299.435365 4 4
0.000000 0.000000 225890816.230779 7 7
0.000000 0.000000 227023239.877947 2 2
0.000000 0.000000 358864899.270840 5 11
0.000000 0.000000 393482085.747039 4 12
0.000000 0.000000 313120810.913110 5 12
0.000000 0.000000 248816995.345177 3 3
0.000000 0.000000 369938285.419562 4 13
0.000000 0.000000 380519659.768668 5 14
0.000000 0.000000 294385386.148706 5 13
0.000000 0.000000 308127432.916612 4 16
0.000000 0.000000 462175701.525392 4 15
0.000000 0.000000 307544654.490479 4 17
0.000000 0.000000 69965439.278635 18 18
0.000000 0.000000 407137210.118018 5 10
0.000000 0.000000 374930255.002327 5 8
0.000000 0.000000 266219976.662163 4 18
0.000000 0.000000 367785053.037443 5 15
0.000000 0.000000 380657977.415641 5 7
0.000000 0.000000 386232155.594084 5 9
0.000000 0.000000 245198230.855849 5 16
0.000000 0.000000 382930221.993525 5 6
446229.000000 0.000000 0.000000 0 1
454167.000000 0.000000 0.000000 0 2
440559.000000 0.000000 0.000000 0 4
514269.000000 0.000000 0.000000 0 3
321489.000000 0.000000 0.000000 0 5
440559.000000 0.000000 0.000000 0 6
399168.000000 0.000000 0.000000 0 7
388962.000000 0.000000 0.000000 0 8
416745.000000 0.000000 0.000000 0 10
424683.000000 0.000000 0.000000 0 9
345303.000000 0.000000 0.000000 0 12
372519.000000 0.000000 0.000000 0 11
345870.000000 0.000000 0.000000 0 13
415611.000000 0.000000 0.000000 0 14
270459.000000 0.000000 0.000000 0 16
425817.000000 0.000000 0.000000 0 15
306747.000000 0.000000 0.000000 0 17
278397.000000 0.000000 0.000000 0 18
294273.000000 0.000000 0.000000 0 19
630387.000000 0.000000 0.000000 1 2
0.000000 0.000000 266508506.321098 5 19
611499.000000 0.000000 0.000000 1 4
713809.000000 0.000000 0.000000 1 3
446229.000000 0.000000 0.000000 1 5
611499.000000 0.000000 0.000000 1 6
554048.000000 0.000000 0.000000 1 7
539882.000000 0.000000 0.000000 1 8
578445.000000 0.000000 0.000000 1 10
589463.000000 0.000000 0.000000 1 9
517059.000000 0.000000 0.000000 1 11
480070.000000 0.000000 0.000000 1 13
479283.000000 0.000000 0.000000 1 12
576871.000000 0.000000 0.000000 1 14
0.000000 0.000000 211849579.848963 5 18
375399.000000 0.000000 0.000000 1 16
591037.000000 0.000000 0.000000 1 15
0.000000 0.000000 316315703.160818 7 19
425767.000000 0.000000 0.000000 1 17
386417.000000 0.000000 0.000000 1 18
408453.000000 0.000000 0.000000 1 19
726507.000000 0.000000 0.000000 2 3
454167.000000 0.000000 0.000000 2 5
622377.000000 0.000000 0.000000 2 6
622377.000000 0.000000 0.000000 2 4
549486.000000 0.000000 0.000000 2 8
563904.000000 0.000000 0.000000 2 7
0.000000 0.000000 318203873.857458 6 19
588735.000000 0.000000 0.000000 2 10
526257.000000 0.000000 0.000000 2 11
599949.000000 0.000000 0.000000 2 9
488610.000000 0.000000 0.000000 2 13
587133.000000 0.000000 0.000000 2 14
487809.000000 0.000000 0.000000 2 12
0.000000 0.000000 447656478.833055 6 8
382077.000000 0.000000 0.000000 2 16
601551.000000 0.000000 0.000000 2 15
433341.000000 0.000000 0.000000 2 17
0.000000 0.000000 461150639.665936 6 9
0.000000 0.000000 349402432.889166 7 13
0.000000 0.000000 451634153.362398 7 14
415719.000000 0.000000 0.000000 2 19
393291.000000 0.000000 0.000000 2 18
514269.000000 0.000000 0.000000 3 5
704739.000000 0.000000 0.000000 3 4
0.000000 0.000000 244734474.357892 5 17
0.000000 0.000000 252942609.648438 6 18
666645.000000 0.000000 0.000000 3 10
704739.000000 0.000000 0.000000 3 6
638528.000000 0.000000 0.000000 3 7
679343.000000 0.000000 0.000000 3 9
622202.000000 0.000000 0.000000 3 8
0.000000 0.000000 351488106.375335 6 13
0.000000 0.000000 373857692.001022 6 12
0.000000 0.000000 338319176.179027 10 19
0.000000 0.000000 292759986.060633 6 16
664831.000000 0.000000 0.000000 3 14
553270.000000 0.000000 0.000000 3 13
0.000000 0.000000 454330072.920803 6 14
595899.000000 0.000000 0.000000 3 11
552363.000000 0.000000 0.000000 3 12
681157.000000 0.000000 0.000000 3 15
0.000000 0.000000 428474881.664429 6 11
0.000000 0.000000 425932383.562699 7 11
0.000000 0.000000 311556133.652700 8 19
603729.000000 0.000000 0.000000 4 6
470733.000000 0.000000 0.000000 3 19
0.000000 0.000000 291022796.703295 7 16
445337.000000 0.000000 0.000000 3 18
533022.000000 0.000000 0.000000 4 8
440559.000000 0.000000 0.000000 4 5
490687.000000 0.000000 0.000000 3 17
547008.000000 0.000000 0.000000 4 7
571095.000000 0.000000 0.000000 4 10
581973.000000 0.000000 0.000000 4 9
432639.000000 0.000000 0.000000 3 16
0.000000 0.000000 486110702.538087 6 10
420357.000000 0.000000 0.000000 4 17
583527.000000 0.000000 0.000000 4 15
370629.000000 0.000000 0.000000 4 16
569541.000000 0.000000 0.000000 4 14
510489.000000 0.000000 0.000000 4 11
473193.000000 0.000000 0.000000 4 12
473970.000000 0.000000 0.000000 4 13
0.000000 0.000000 292206274.891096 6 17
0.000000 0.000000 320947684.582924 9 19
345870.000000 0.000000 0.000000 5 13
0.000000 0.000000 371639281.270369 7 12
415611.000000 0.000000 0.000000 5 14
306747.000000 0.000000 0.000000 5 17
270459.000000 0.000000 0.000000 5 16
372519.000000 0.000000 0.000000 5 11
345303.000000 0.000000 0.000000 5 12
381507.000000 0.000000 0.000000 4 18
403263.000000 0.000000 0.000000 4 19
424683.000000 0.000000 0.000000 5 9
416745.000000 0.000000 0.000000 5 10
388962.000000 0.000000 0.000000 5 8
425817.000000 0.000000 0.000000 5 15
440559.000000 0.000000 0.000000 5 6
399168.000000 0.000000 0.000000 5 7
294273.000000 0.000000 0.000000 5 19
581973.000000 0.000000 0.000000 6 9
278397.000000 0.000000 0.000000 5 18
473193.000000 0.000000 0.000000 6 12
0.000000 0.000000 251441687.826521 7 18
510489.000000 0.000000 0.000000 6 11
571095.000000 0.000000 0.000000 6 10
547008.000000 0.000000 0.000000 6 7
533022.000000 0.000000 0.000000 6 8
428736.000000 0.000000 0.000000 7 12
403263.000000 0.000000 0.000000 6 19
429440.000000 0.000000 0.000000 7 13
516032.000000 0.000000 0.000000 7 14
370629.000000 0.000000 0.000000 6 16
380864.000000 0.000000 0.000000 7 17
517440.000000 0.000000 0.000000 7 10
381507.000000 0.000000 0.000000 6 18
335808.000000 0.000000 0.000000 7 16
420357.000000 0.000000 0.000000 6 17
462528.000000 0.000000 0.000000 7 11
482944.000000 0.000000 0.000000 7 8
473970.000000 0.000000 0.000000 6 13
527296.000000 0.000000 0.000000 7 9
528704.000000 0.000000 0.000000 7 15
583527.000000 0.000000 0.000000 6 15
569541.000000 0.000000 0.000000 6 14
0.000000 0.000000 454495221.912171 6 7
0.000000 0.000000 436519606.765936 7 15
345664.000000 0.000000 0.000000 7 18
502838.000000 0.000000 0.000000 8 14
365376.000000 0.000000 0.000000 7 19
450702.000000 0.000000 0.000000 8 11
417774.000000 0.000000 0.000000 8 12
513814.000000 0.000000 0.000000 8 9
504210.000000 0.000000 0.000000 8 10
418460.000000 0.000000 0.000000 8 13
515186.000000 0.000000 0.000000 8 15
0.000000 0.000000 483226202.003351 7 10
0.000000 0.000000 298206289.379902 11 19
0.000000 0.000000 247658271.786891 8 18
356034.000000 0.000000 0.000000 8 19
0.000000 0.000000 290472369.785112 7 17
327222.000000 0.000000 0.000000 8 16
371126.000000 0.000000 0.000000 8 17
456890.000000 0.000000 0.000000 9 13
562499.000000 0.000000 0.000000 9 15
357273.000000 0.000000 0.000000 9 16
336826.000000 0.000000 0.000000 8 18
549017.000000 0.000000 0.000000 9 14
405209.000000 0.000000 0.000000 9 17
456141.000000 0.000000 0.000000 9 12
492093.000000 0.000000 0.000000 9 11
550515.000000 0.000000 0.000000 9 10
482895.000000 0.000000 0.000000 10 11
0.000000 0.000000 373707476.972415 10 13
448350.000000 0.000000 0.000000 10 13
367759.000000 0.000000 0.000000 9 18
313389.000000 0.000000 0.000000 11 16
388731.000000 0.000000 0.000000 9 19
381465.000000 0.000000 0.000000 10 19
397635.000000 0.000000 0.000000 10 17
400770.000000 0.000000 0.000000 11 13
350595.000000 0.000000 0.000000 10 16
400113.000000 0.000000 0.000000 11 12
360885.000000 0.000000 0.000000 10 18
355437.000000 0.000000 0.000000 11 17
493407.000000 0.000000 0.000000 11 15
551985.000000 0.000000 0.000000 10 15
538755.000000 0.000000 0.000000 10 14
447615.000000 0.000000 0.000000 10 12
481581.000000 0.000000 0.000000 11 14
0.000000 0.000000 294725913.994069 9 17
0.000000 0.000000 306911513.487630 1 19
340983.000000 0.000000 0.000000 11 19
329469.000000 0.000000 0.000000 12 17
322587.000000 0.000000 0.000000 11 18
0.000000 0.000000 458414247.052208 7 9
290493.000000 0.000000 0.000000 12 16
299019.000000 0.000000 0.000000 12 18
371490.000000 0.000000 0.000000 12 13
446397.000000 0.000000 0.000000 12 14
457359.000000 0.000000 0.000000 12 15
0.000000 0.000000 451516535.874952 8 9
0.000000 0.000000 475955147.566938 8 10
0.000000 0.000000 255123685.379933 9 18
0.000000 0.000000 306911513.487630 1 19
0.000000 0.000000 439125304.211558 6 15
0.000000 0.000000 239388899.988102 12 16
0.000000 0.000000 260194283.981824 12 19
0.000000 0.000000 295284399.361051 9 16
550483.000000 0.000000 0.000000 14 15
258057.000000 0.000000 0.000000 16 17
247563.000000 0.000000 0.000000 16 19
396553.000000 0.000000 0.000000 14 17
447130.000000 0.000000 0.000000 13 14
299510.000000 0.000000 0.000000 13 18
254829.000000 0.000000 0.000000 18 19
280779.000000 0.000000 0.000000 17 19
290970.000000 0.000000 0.000000 13 16
0.000000 0.000000 254367578.677781 0 19
0.000000 0.000000 411528390.282549 11 15
406291.000000 0.000000 0.000000 15 17
316071.000000 0.000000 0.000000 12 19
330010.000000 0.000000 0.000000 13 17
358227.000000 0.000000 0.000000 15 16
359903.000000 0.000000 0.000000 14 18
458110.000000 0.000000 0.000000 13 15
316590.000000 0.000000 0.000000 13 19
368741.000000 0.000000 0.000000 15 18
265631.000000 0.000000 0.000000 17 18
234207.000000 0.000000 0.000000 16 18
349641.000000 0.000000 0.000000 14 16
389769.000000 0.000000 0.000000 15 19
380427.000000 0.000000 0.000000 14 19
0.000000 0.000000 286643806.645167 8 16
0.000000 0.000000 274361428.910024 11 16
0.000000 0.000000 466884673.545659 10 15
0.000000 0.000000 344145011.189479 8 13
0.000000 0.000000 442911800.783315 9 15
0.000000 0.000000 286101662.704624 8 17
0.000000 0.000000 238936131.481997 12 17
0.000000 0.000000 397491158.206511 10 12
0.000000 0.000000 425777614.157065 11 14
0.000000 0.000000 254367578.677781 0 19
0.000000 0.000000 455560981.396361 10 11
0.000000 0.000000 268932412.492480 10 18
0.000000 0.000000 445000158.936904 7 8
0.000000 0.000000 311266850.638240 10 16
0.000000 0.000000 429951340.660016 8 15
0.000000 0.000000 354518921.480995 9 13
0.000000 0.000000 483050614.959843 10 14
0.000000 0.000000 359071349.697202 12 15
0.000000 0.000000 310678136.383080 10 17
0.000000 0.000000 444838461.287783 8 14
0.000000 0.000000 237046382.909110 11 18
0.000000 0.000000 273842515.336722 11 17
0.000000 0.000000 206830358.637430 12 18
0.000000 0.000000 419523422.820794 8 11
0.000000 0.000000 366047263.689578 8 12
0.000000 0.000000 458247675.992848 9 14
0.000000 0.000000 377081396.423879 9 12
0.000000 0.000000 350362531.594045 11 12
0.000000 0.000000 329398768.075667 11 13
0.000000 0.000000 317107575.259064 2 19
0.000000 0.000000 337586496.341651 13 15
0.000000 0.000000 371504240.415359 12 14
0.000000 0.000000 317107575.259064 2 19
0.000000 0.000000 432169538.740317 9 11
0.000000 0.000000 225065186.538977 13 16
0.000000 0.000000 490302342.918582 9 10
0.000000 0.000000 349275472.205265 13 14
0.000000 0.000000 287410694.035234 12 13
0.000000 0.000000 331979645.180942 3 19
0.000000 0.000000 331979645.180942 3 19
0.000000 0.000000 306108885.658673 0 5
0.000000 0.000000 339014561.392741 1 13
0.000000 0.000000 244625690.539669 13 19
0.000000 0.000000 316200765.607985 14 19
0.000000 0.000000 224639509.191893 13 17
0.000000 0.000000 384670578.192312 0 4
0.000000 0.000000 306108885.658673 0 5
0.000000 0.000000 363316912.404746 0 7
0.000000 0.000000 342516629.813672 0 11
0.000000 0.000000 365485645.651288 0 6
0.000000 0.000000 203752595.550046 16 19
0.000000 0.000000 388589871.567878 0 10
0.000000 0.000000 368637158.135711 0 9
0.000000 0.000000 363316912.404746 0 7
0.000000 0.000000 305618680.482002 15 19
0.000000 0.000000 365485645.651288 0 6
0.000000 0.000000 194454769.203107 13 18
0.000000 0.000000 352515358.449096 0 1
0.000000 0.000000 352515358.449096 0 1
0.000000 0.000000 202198666.862023 0 18
0.000000 0.000000 460074054.975669 1 3
0.000000 0.000000 342516629.813672 0 11
0.000000 0.000000 388589871.567878 0 10
0.000000 0.000000 351030422.673640 0 15
0.000000 0.000000 363184895.738842 0 14
0.000000 0.000000 357850121.516920 0 8
0.000000 0.000000 339014561.392741 1 13
0.000000 0.000000 351030422.673640 0 15
0.000000 0.000000 251350323.339384 14 18
0.000000 0.000000 364226449.149032 0 2
0.000000 0.000000 368637158.135711 0 9
0.000000 0.000000 360590300.392939 1 12
0.000000 0.000000 176040837.148081 18 19
0.000000 0.000000 202198666.862023 0 18
0.000000 0.000000 363184895.738842 0 14
0.000000 0.000000 381308351.093809 0 3
0.000000 0.000000 357850121.516920 0 8
0.000000 0.000000 460074054.975669 1 3
0.000000 0.000000 243966228.846632 1 18
0.000000 0.000000 381308351.093809 0 3
0.000000 0.000000 203367227.986362 17 19
0.000000 0.000000 290366823.432403 14 17
0.000000 0.000000 281836513.018865 1 17
0.000000 0.000000 464130807.321307 1 4
0.000000 0.000000 282370574.566318 1 16
0.000000 0.000000 364226449.149032 0 2
0.000000 0.000000 290917049.410873 14 16
0.000000 0.000000 281836513.018865 1 17
0.000000 0.000000 233585474.067816 0 17
0.000000 0.000000 436360991.154152 14 15
0.000000 0.000000 464130807.321307 1 4
0.000000 0.000000 350277135.039279 2 13
0.000000 0.000000 447024536.521918 3 11
0.000000 0.000000 384670578.192312 0 4
0.000000 0.000000 291199545.429718 2 17
0.000000 0.000000 426998671.495203 2 11
0.000000 0.000000 243966228.846632 1 18
0.000000 0.000000 233585474.067816 0 17
0.000000 0.000000 360590300.392939 1 12
0.000000 0.000000 452764784.064629 2 14
0.000000 0.000000 366704827.051241 3 13
0.000000 0.000000 452764784.064629 2 14
0.000000 0.000000 438206892.865950 1 14
0.000000 0.000000 431770130.462914 1 8
0.000000 0.000000 282370574.566318 1 16
0.000000 0.000000 242938546.531689 15 18
0.000000 0.000000 291751349.214118 2 16
0.000000 0.000000 426998671.495203 2 11
0.000000 0.000000 281181117.532246 15 16
0.000000 0.000000 280649305.945933 15 17
0.000000 0.000000 187105789.526254 16 17
0.000000 0.000000 390042843.145954 3 12
0.000000 0.000000 161964443.454555 16 18
0.000000 0.000000 350277135.039279 2 13
0.000000 0.000000 161658111.971638 17 18
0.000000 0.000000 372569651.422142 2 12
0.000000 0.000000 507155543.574082 3 10
0.000000 0.000000 291199545.429718 2 17
0.000000 0.000000 484435920.670247 2 10
0.000000 0.000000 234028103.258759 0 16
0.000000 0.000000 291751349.214118 2 16
0.000000 0.000000 439463596.725117 1 2
0.000000 0.000000 280974512.799941 0 13
0.000000 0.000000 484435920.670247 2 10
0.000000 0.000000 298856436.961350 0 12
0.000000 0.000000 234028103.258759 0 16
0.000000 0.000000 372569651.422142 2 12
0.000000 0.000000 438206892.865950 1 14
0.000000 0.000000 473999058.342036 3 14
0.000000 0.000000 431770130.462914 1 8
0.000000 0.000000 447024536.521918 3 11
0.000000 0.000000 263893071.793092 3 18
0.000000 0.000000 298856436.961350 0 12
0.000000 0.000000 473999058.342036 3 14
0.000000 0.000000 263893071.793092 3 18
0.000000 0.000000 304856550.684681 3 17
0.000000 0.000000 459561852.207816 2 9
0.000000 0.000000 437612399.444242 2 15
0.000000 0.000000 481114902.306480 3 9
0.000000 0.000000 485357184.582081 4 9
0.000000 0.000000 366704827.051241 3 13
0.000000 0.000000 280974512.799941 0 13
0.000000 0.000000 413269245.668961 1 11
0.000000 0.000000 507155543.574082 3 10
0.000000 0.000000 458136040.381124 3 15
0.000000 0.000000 439463596.725117 1 2
0.000000 0.000000 252071154.472712 2 18
0.000000 0.000000 458136040.381124 3 15
0.000000 0.000000 252071154.472712 2 18
0.000000 0.000000 477001807.117108 3 6
0.000000 0.000000 390042843.145954 3 12
0.000000 0.000000 438366178.623244 1 7
0.000000 0.000000 481114902.306480 3 9
0.000000 0.000000 459561852.207816 2 9
0.000000 0.000000 413269245.668961 1 11
0.000000 0.000000 305434234.110895 3 16
0.000000 0.000000 304856550.684681 3 17
0.000000 0.000000 305434234.110895 3 16
0.000000 0.000000 474171356.921393 3 7
0.000000 0.000000 369340864.104570 1 5
0.000000 0.000000 438366178.623244 1 7
0.000000 0.000000 399508144.292353 3 5
0.000000 0.000000 511627440.808587 4 10
0.000000 0.000000 477001807.117108 3 6
0.000000 0.000000 437612399.444242 2 15
0.000000 0.000000 485357184.582081 4 9
0.000000 0.000000 467036549.656051 3 8
0.000000 0.000000 369340864.104570 1 5
0.000000 0.000000 399508144.292353 3 5
0.000000 0.000000 444785411.477616 1 9
0.000000 0.000000 444785411.477616 1 9
0.000000 0.000000 511627440.808587 4 10
0.000000 0.000000 423541707.847663 1 15
0.000000 0.000000 468859697.439442 1 10
0.000000 0.000000 474171356.921393 3 7
0.000000 0.000000 440982901.318949 1 6
0.000000 0.000000 446114183.123973 2 8
0.000000 0.000000 423541707.847663 1 15
0.000000 0.000000 440982901.318949 1 6
0.000000 0.000000 467036549.656051 3 8
0.000000 0.000000 468859697.439442 1 10
0.000000 0.000000 446114183.123973 2 8
0.000000 0.000000 481207820.511773 4 6
0.000000 0.000000 452929363.041992 2 7
0.000000 0.000000 481207820.511773 4 6
0.000000 0.000000 455633015.689898 2 6
0.000000 0.000000 455633015.689898 2 6
0.000000 0.000000 471154692.903614 4 8
0.000000 0.000000 403030851.278935 4 5
0.000000 0.000000 479549930.959290 2 4
0.000000 0.000000 381610923.768084 2 5
0.000000 0.000000 475358407.355776 2 3
0.000000 0.000000 478352411.487659 4 7
0.000000 0.000000 403030851.278935 4 5
0.000000 0.000000 452929363.041992 2 7
0.000000 0.000000 381610923.768084 2 5
0.000000 0.000000 475358407.355776 2 3
0.000000 0.000000 471154692.903614 4 8
0.000000 0.000000 478352411.487659 4 7
0.000000 0.000000 502040405.094815 3 4
0.000000 0.000000 502040405.094815 3 4
0.000000 0.000000 479549930.959290 2 4
0.000000 0.000000 450966221.808118 4 11
0.000000 0.000000 450966221.808118 4 11
0.000000 0.000000 334906909.174901 4 19
0.000000 0.000000 334906909.174901 4 19
0.000000 0.000000 393482085.747039 4 12
0.000000 0.000000 369938285.419562 4 13
0.000000 0.000000 478178596.764503 4 14
0.000000 0.000000 369938285.419562 4 13
0.000000 0.000000 393482085.747039 4 12
0.000000 0.000000 478178596.764503 4 14
0.000000 0.000000 308127432.916612 4 16
0.000000 0.000000 307544654.490479 4 17
0.000000 0.000000 266219976.662163 4 18
0.000000 0.000000 462175701.525392 4 15
0.000000 0.000000 358864899.270840 5 11
0.000000 0.000000 313120810.913110 5 12
0.000000 0.000000 294385386.148706 5 13
0.000000 0.000000 462175701.525392 4 15
0.000000 0.000000 308127432.916612 4 16
0.000000 0.000000 380519659.768668 5 14
0.000000 0.000000 294385386.148706 5 13
0.000000 0.000000 358864899.270840 5 11
0.000000 0.000000 266219976.662163 4 18
0.000000 0.000000 307544654.490479 4 17
0.000000 0.000000 386232155.594084 5 9
0.000000 0.000000 380519659.768668 5 14
0.000000 0.000000 313120810.913110 5 12
0.000000 0.000000 245198230.855849 5 16
0.000000 0.000000 407137210.118018 5 10
0.000000 0.000000 386232155.594084 5 9
0.000000 0.000000 407137210.118018 5 10
0.000000 0.000000 374930255.002327 5 8
0.000000 0.000000 374930255.002327 5 8
0.000000 0.000000 245198230.855849 5 16
0.000000 0.000000 380657977.415641 5 7
0.000000 0.000000 367785053.037443 5 15
0.000000 0.000000 367785053.037443 5 15
0.000000 0.000000 380657977.415641 5 7
0.000000 0.000000 382930221.993525 5 6
0.000000 0.000000 382930221.993525 5 6
446229.000000 0.000000 0.000000 0 1
446229.000000 0.000000 0.000000 0 1
514269.000000 0.000000 0.000000 0 3
454167.000000 0.000000 0.000000 0 2
454167.000000 0.000000 0.000000 0 2
514269.000000 0.000000 0.000000 0 3
321489.000000 0.000000 0.000000 0 5
440559.000000 0.000000 0.000000 0 4
440559.000000 0.000000 0.000000 0 4
321489.000000 0.000000 0.000000 0 5
399168.000000 0.000000 0.000000 0 7
440559.000000 0.000000 0.000000 0 6
440559.000000 0.000000 0.000000 0 6
399168.000000 0.000000 0.000000 0 7
388962.000000 0.000000 0.000000 0 8
424683.000000 0.000000 0.000000 0 9
388962.000000 0.000000 0.000000 0 8
424683.000000 0.000000 0.000000 0 9
416745.000000 0.000000 0.000000 0 10
372519.000000 0.000000 0.000000 0 11
416745.000000 0.000000 0.000000 0 10
372519.000000 0.000000 0.000000 0 11
345870.000000 0.000000 0.000000 0 13
345303.000000 0.000000 0.000000 0 12
345303.000000 0.000000 0.000000 0 12
345870.000000 0.000000 0.000000 0 13
425817.000000 0.000000 0.000000 0 15
415611.000000 0.000000 0.000000 0 14
415611.000000 0.000000 0.000000 0 14
425817.000000 0.000000 0.000000 0 15
306747.000000 0.000000 0.000000 0 17
270459.000000 0.000000 0.000000 0 16
270459.000000 0.000000 0.000000 0 16
306747.000000 0.000000 0.000000 0 17
278397.000000 0.000000 0.000000 0 18
294273.000000 0.000000 0.000000 0 19
278397.000000 0.000000 0.000000 0 18
294273.000000 0.000000 0.000000 0 19
630387.000000 0.000000 0.000000 1 2
713809.000000 0.000000 0.000000 1 3
630387.000000 0.000000 0.000000 1 2
713809.000000 0.000000 0.000000 1 3
611499.000000 0.000000 0.000000 1 4
446229.000000 0.000000 0.000000 1 5
611499.000000 0.000000 0.000000 1 4
446229.000000 0.000000 0.000000 1 5
611499.000000 0.000000 0.000000 1 6
554048.000000 0.000000 0.000000 1 7
611499.000000 0.000000 0.000000 1 6
554048.000000 0.000000 0.000000 1 7
539882.000000 0.000000 0.000000 1 8
539882.000000 0.000000 0.000000 1 8
589463.000000 0.000000 0.000000 1 9
589463.000000 0.000000 0.000000 1 9
517059.000000 0.000000 0.000000 1 11
578445.000000 0.000000 0.000000 1 10
578445.000000 0.000000 0.000000 1 10
0.000000 0.000000 266508506.321098 5 19
517059.000000 0.000000 0.000000 1 11
479283.000000 0.000000 0.000000 1 12
479283.000000 0.000000 0.000000 1 12
0.000000 0.000000 266508506.321098 5 19
480070.000000 0.000000 0.000000 1 13
576871.000000 0.000000 0.000000 1 14
480070.000000 0.000000 0.000000 1 13
375399.000000 0.000000 0.000000 1 16
591037.000000 0.000000 0.000000 1 15
591037.000000 0.000000 0.000000 1 15
576871.000000 0.000000 0.000000 1 14
425767.000000 0.000000 0.000000 1 17
375399.000000 0.000000 0.000000 1 16
408453.000000 0.000000 0.000000 1 19
386417.000000 0.000000 0.000000 1 18
425767.000000 0.000000 0.000000 1 17
386417.000000 0.000000 0.000000 1 18
726507.000000 0.000000 0.000000 2 3
408453.000000 0.000000 0.000000 1 19
454167.000000 0.000000 0.000000 2 5
622377.000000 0.000000 0.000000 2 4
726507.000000 0.000000 0.000000 2 3
622377.000000 0.000000 0.000000 2 4
622377.000000 0.000000 0.000000 2 6
454167.000000 0.000000 0.000000 2 5
622377.000000 0.000000 0.000000 2 6
549486.000000 0.000000 0.000000 2 8
563904.000000 0.000000 0.000000 2 7
563904.000000 0.000000 0.000000 2 7
549486.000000 0.000000 0.000000 2 8
599949.000000 0.000000 0.000000 2 9
526257.000000 0.000000 0.000000 2 11
588735.000000 0.000000 0.000000 2 10
588735.000000 0.000000 0.000000 2 10
599949.000000 0.000000 0.000000 2 9
487809.000000 0.000000 0.000000 2 12
526257.000000 0.000000 0.000000 2 11
487809.000000 0.000000 0.000000 2 12
488610.000000 0.000000 0.000000 2 13
587133.000000 0.000000 0.000000 2 14
488610.000000 0.000000 0.000000 2 13
587133.000000 0.000000 0.000000 2 14
601551.000000 0.000000 0.000000 2 15
433341.000000 0.000000 0.000000 2 17
382077.000000 0.000000 0.000000 2 16
382077.000000 0.000000 0.000000 2 16
601551.000000 0.000000 0.000000 2 15
393291.000000 0.000000 0.000000 2 18
433341.000000 0.000000 0.000000 2 17
393291.000000 0.000000 0.000000 2 18
415719.000000 0.000000 0.000000 2 19
415719.000000 0.000000 0.000000 2 19
704739.000000 0.000000 0.000000 3 4
514269.000000 0.000000 0.000000 3 5
704739.000000 0.000000 0.000000 3 4
704739.000000 0.000000 0.000000 3 6
514269.000000 0.000000 0.000000 3 5
704739.000000 0.000000 0.000000 3 6
638528.000000 0.000000 0.000000 3 7
622202.000000 0.000000 0.000000 3 8
638528.000000 0.000000 0.000000 3 7
679343.000000 0.000000 0.000000 3 9
622202.000000 0.000000 0.000000 3 8
0.000000 0.000000 211849579.848963 5 18
0.000000 0.000000 244734474.357892 5 17
666645.000000 0.000000 0.000000 3 10
595899.000000 0.000000 0.000000 3 11
0.000000 0.000000 244734474.357892 5 17
666645.000000 0.000000 0.000000 3 10
0.000000 0.000000 318203873.857458 6 19
679343.000000 0.000000 0.000000 3 9
552363.000000 0.000000 0.000000 3 12
595899.000000 0.000000 0.000000 3 11
432639.000000 0.000000 0.000000 3 16
553270.000000 0.000000 0.000000 3 13
664831.000000 0.000000 0.000000 3 14
681157.000000 0.000000 0.000000 3 15
552363.000000 0.000000 0.000000 3 12
553270.000000 0.000000 0.000000 3 13
664831.000000 0.000000 0.000000 3 14
681157.000000 0.000000 0.000000 3 15
0.000000 0.000000 318203873.857458 6 19
490687.000000 0.000000 0.000000 3 17
432639.000000 0.000000 0.000000 3 16
440559.000000 0.000000 0.000000 4 5
445337.000000 0.000000 0.000000 3 18
470733.000000 0.000000 0.000000 3 19
533022.000000 0.000000 0.000000 4 8
603729.000000 0.000000 0.000000 4 6
547008.000000 0.000000 0.000000 4 7
440559.000000 0.000000 0.000000 4 5
0.000000 0.000000 316315703.160818 7 19
445337.000000 0.000000 0.000000 3 18
470733.000000 0.000000 0.000000 3 19
490687.000000 0.000000 0.000000 3 17
603729.000000 0.000000 0.000000 4 6
0.000000 0.000000 316315703.160818 7 19
0.000000 0.000000 211849579.848963 5 18
571095.000000 0.000000 0.000000 4 10
581973.000000 0.000000 0.000000 4 9
510489.000000 0.000000 0.000000 4 11
473970.000000 0.000000 0.000000 4 13
569541.000000 0.000000 0.000000 4 14
473193.000000 0.000000 0.000000 4 12
583527.000000 0.000000 0.000000 4 15
473970.000000 0.000000 0.000000 4 13
547008.000000 0.000000 0.000000 4 7
510489.000000 0.000000 0.000000 4 11
571095.000000 0.000000 0.000000 4 10
473193.000000 0.000000 0.000000 4 12
581973.000000 0.000000 0.000000 4 9
533022.000000 0.000000 0.000000 4 8
381507.000000 0.000000 0.000000 4 18
399168.000000 0.000000 0.000000 5 7
370629.000000 0.000000 0.000000 4 16
403263.000000 0.000000 0.000000 4 19
440559.000000 0.000000 0.000000 5 6
420357.000000 0.000000 0.000000 4 17
388962.000000 0.000000 0.000000 5 8
0.000000 0.000000 320947684.582924 9 19
370629.000000 0.000000 0.000000 4 16
420357.000000 0.000000 0.000000 4 17
583527.000000 0.000000 0.000000 4 15
569541.000000 0.000000 0.000000 4 14
372519.000000 0.000000 0.000000 5 11
416745.000000 0.000000 0.000000 5 10
424683.000000 0.000000 0.000000 5 9
345303.000000 0.000000 0.000000 5 12
381507.000000 0.000000 0.000000 4 18
0.000000 0.000000 338319176.179027 10 19
403263.000000 0.000000 0.000000 4 19
440559.000000 0.000000 0.000000 5 6
415611.000000 0.000000 0.000000 5 14
270459.000000 0.000000 0.000000 5 16
345870.000000 0.000000 0.000000 5 13
424683.000000 0.000000 0.000000 5 9
425817.000000 0.000000 0.000000 5 15
399168.000000 0.000000 0.000000 5 7
416745.000000 0.000000 0.000000 5 10
0.000000 0.000000 311556133.652700 8 19
388962.000000 0.000000 0.000000 5 8
278397.000000 0.000000 0.000000 5 18
0.000000 0.000000 320947684.582924 9 19
306747.000000 0.000000 0.000000 5 17
294273.000000 0.000000 0.000000 5 19
0.000000 0.000000 311556133.652700 8 19
547008.000000 0.000000 0.000000 6 7
533022.000000 0.000000 0.000000 6 8
372519.000000 0.000000 0.000000 5 11
345303.000000 0.000000 0.000000 5 12
345870.000000 0.000000 0.000000 5 13
510489.000000 0.000000 0.000000 6 11
581973.000000 0.000000 0.000000 6 9
473193.000000 0.000000 0.000000 6 12
571095.000000 0.000000 0.000000 6 10
270459.000000 0.000000 0.000000 5 16
278397.000000 0.000000 0.000000 5 18
306747.000000 0.000000 0.000000 5 17
415611.000000 0.000000 0.000000 5 14
425817.000000 0.000000 0.000000 5 15
0.000000 0.000000 338319176.179027 10 19
370629.000000 0.000000 0.000000 6 16
473970.000000 0.000000 0.000000 6 13
381507.000000 0.000000 0.000000 6 18
294273.000000 0.000000 0.000000 5 19
420357.000000 0.000000 0.000000 6 17
569541.000000 0.000000 0.000000 6 14
583527.000000 0.000000 0.000000 6 15
547008.000000 0.000000 0.000000 6 7
533022.000000 0.000000 0.000000 6 8
581973.000000 0.000000 0.000000 6 9
403263.000000 0.000000 0.000000 6 19
482944.000000 0.000000 0.000000 7 8
527296.000000 0.000000 0.000000 7 9
473970.000000 0.000000 0.000000 6 13
473193.000000 0.000000 0.000000 6 12
510489.000000 0.000000 0.000000 6 11
571095.000000 0.000000 0.000000 6 10
429440.000000 0.000000 0.000000 7 13
462528.000000 0.000000 0.000000 7 11
428736.000000 0.000000 0.000000 7 12
517440.000000 0.000000 0.000000 7 10
370629.000000 0.000000 0.000000 6 16
583527.000000 0.000000 0.000000 6 15
0.000000 0.000000 298206289.379902 11 19
420357.000000 0.000000 0.000000 6 17
569541.000000 0.000000 0.000000 6 14
345664.000000 0.000000 0.000000 7 18
365376.000000 0.000000 0.000000 7 19
380864.000000 0.000000 0.000000 7 17
516032.000000 0.000000 0.000000 7 14
335808.000000 0.000000 0.000000 7 16
528704.000000 0.000000 0.000000 7 15
0.000000 0.000000 298206289.379902 11 19
462528.000000 0.000000 0.000000 7 11
403263.000000 0.000000 0.000000 6 19
381507.000000 0.000000 0.000000 6 18
527296.000000 0.000000 0.000000 7 9
517440.000000 0.000000 0.000000 7 10
482944.000000 0.000000 0.000000 7 8
504210.000000 0.000000 0.000000 8 10
450702.000000 0.000000 0.000000 8 11
417774.000000 0.000000 0.000000 8 12
513814.000000 0.000000 0.000000 8 9
429440.000000 0.000000 0.000000 7 13
528704.000000 0.000000 0.000000 7 15
516032.000000 0.000000 0.000000 7 14
428736.000000 0.000000 0.000000 7 12
335808.000000 0.000000 0.000000 7 16
336826.000000 0.000000 0.000000 8 18
327222.000000 0.000000 0.000000 8 16
356034.000000 0.000000 0.000000 8 19
371126.000000 0.000000 0.000000 8 17
515186.000000 0.000000 0.000000 8 15
418460.000000 0.000000 0.000000 8 13
502838.000000 0.000000 0.000000 8 14
550515.000000 0.000000 0.000000 9 10
456141.000000 0.000000 0.000000 9 12
492093.000000 0.000000 0.000000 9 11
456890.000000 0.000000 0.000000 9 13
380864.000000 0.000000 0.000000 7 17
365376.000000 0.000000 0.000000 7 19
345664.000000 0.000000 0.000000 7 18
418460.000000 0.000000 0.000000 8 13
450702.000000 0.000000 0.000000 8 11
513814.000000 0.000000 0.000000 8 9
515186.000000 0.000000 0.000000 8 15
417774.000000 0.000000 0.000000 8 12
504210.000000 0.000000 0.000000 8 10
502838.000000 0.000000 0.000000 8 14
357273.000000 0.000000 0.000000 9 16
549017.000000 0.000000 0.000000 9 14
327222.000000 0.000000 0.000000 8 16
562499.000000 0.000000 0.000000 9 15
405209.000000 0.000000 0.000000 9 17
367759.000000 0.000000 0.000000 9 18
448350.000000 0.000000 0.000000 10 13
336826.000000 0.000000 0.000000 8 18
538755.000000 0.000000 0.000000 10 14
551985.000000 0.000000 0.000000 10 15
482895.000000 0.000000 0.000000 10 11
388731.000000 0.000000 0.000000 9 19
447615.000000 0.000000 0.000000 10 12
356034.000000 0.000000 0.000000 8 19
371126.000000 0.000000 0.000000 8 17
550515.000000 0.000000 0.000000 9 10
0.000000 0.000000 351488106.375335 6 13
360885.000000 0.000000 0.000000 10 18
397635.000000 0.000000 0.000000 10 17
350595.000000 0.000000 0.000000 10 16
381465.000000 0.000000 0.000000 10 19
549017.000000 0.000000 0.000000 9 14
456890.000000 0.000000 0.000000 9 13
492093.000000 0.000000 0.000000 9 11
405209.000000 0.000000 0.000000 9 17
456141.000000 0.000000 0.000000 9 12
357273.000000 0.000000 0.000000 9 16
562499.000000 0.000000 0.000000 9 15
400113.000000 0.000000 0.000000 11 12
400770.000000 0.000000 0.000000 11 13
367759.000000 0.000000 0.000000 9 18
388731.000000 0.000000 0.000000 9 19
482895.000000 0.000000 0.000000 10 11
290493.000000 0.000000 0.000000 12 16
538755.000000 0.000000 0.000000 10 14
360885.000000 0.000000 0.000000 10 18
446397.000000 0.000000 0.000000 12 14
397635.000000 0.000000 0.000000 10 17
457359.000000 0.000000 0.000000 12 15
340983.000000 0.000000 0.000000 11 19
313389.000000 0.000000 0.000000 11 16
355437.000000 0.000000 0.000000 11 17
371490.000000 0.000000 0.000000 12 13
322587.000000 0.000000 0.000000 11 18
493407.000000 0.000000 0.000000 11 15
448350.000000 0.000000 0.000000 10 13
0.000000 0.000000 260194283.981824 12 19
481581.000000 0.000000 0.000000 11 14
381465.000000 0.000000 0.000000 10 19
447615.000000 0.000000 0.000000 10 12
350595.000000 0.000000 0.000000 10 16
551985.000000 0.000000 0.000000 10 15
329469.000000 0.000000 0.000000 12 17
299019.000000 0.000000 0.000000 12 18
0.000000 0.000000 373857692.001022 6 12
400770.000000 0.000000 0.000000 11 13
481581.000000 0.000000 0.000000 11 14
400113.000000 0.000000 0.000000 11 12
0.000000 0.000000 461150639.665936 6 9
316071.000000 0.000000 0.000000 12 19
0.000000 0.000000 351488106.375335 6 13
313389.000000 0.000000 0.000000 11 16
322587.000000 0.000000 0.000000 11 18
493407.000000 0.000000 0.000000 11 15
355437.000000 0.000000 0.000000 11 17
0.000000 0.000000 260194283.981824 12 19
0.000000 0.000000 454330072.920803 6 14
299510.000000 0.000000 0.000000 13 18
290970.000000 0.000000 0.000000 13 16
0.000000 0.000000 447656478.833055 6 8
349641.000000 0.000000 0.000000 14 16
396553.000000 0.000000 0.000000 14 17
330010.000000 0.000000 0.000000 13 17
359903.000000 0.000000 0.000000 14 18
316590.000000 0.000000 0.000000 13 19
550483.000000 0.000000 0.000000 14 15
447130.000000 0.000000 0.000000 13 14
329469.000000 0.000000 0.000000 12 17
457359.000000 0.000000 0.000000 12 15
458110.000000 0.000000 0.000000 13 15
380427.000000 0.000000 0.000000 14 19
299019.000000 0.000000 0.000000 12 18
290493.000000 0.000000 0.000000 12 16
446397.000000 0.000000 0.000000 12 14
447130.000000 0.000000 0.000000 13 14
340983.000000 0.000000 0.000000 11 19
316071.000000 0.000000 0.000000 12 19
371490.000000 0.000000 0.000000 12 13
358227.000000 0.000000 0.000000 15 16
406291.000000 0.000000 0.000000 15 17
299510.000000 0.000000 0.000000 13 18
316590.000000 0.000000 0.000000 13 19
290970.000000 0.000000 0.000000 13 16
458110.000000 0.000000 0.000000 13 15
330010.000000 0.000000 0.000000 13 17
0.000000 0.000000 454495221.912171 6 7
258057.000000 0.000000 0.000000 16 17
550483.000000 0.000000 0.000000 14 15
389769.000000 0.000000 0.000000 15 19
234207.000000 0.000000 0.000000 16 18
368741.000000 0.000000 0.000000 15 18
0.000000 0.000000 349402432.889166 7 13
0.000000 0.000000 371639281.270369 7 12
0.000000 0.000000 454330072.920803 6 14
254829.000000 0.000000 0.000000 18 19
247563.000000 0.000000 0.000000 16 19
280779.000000 0.000000 0.000000 17 19
265631.000000 0.000000 0.000000 17 18
0.000000 0.000000 373857692.001022 6 12
0.000000 0.000000 458414247.052208 7 9
265631.000000 0.000000 0.000000 17 18
0.000000 0.000000 428474881.664429 6 11
406291.000000 0.000000 0.000000 15 17
358227.000000 0.000000 0.000000 15 16
280779.000000 0.000000 0.000000 17 19
247563.000000 0.000000 0.000000 16 19
234207.000000 0.000000 0.000000 16 18
359903.000000 0.000000 0.000000 14 18
389769.000000 0.000000 0.000000 15 19
368741.000000 0.000000 0.000000 15 18
258057.000000 0.000000 0.000000 16 17
380427.000000 0.000000 0.000000 14 19
396553.000000 0.000000 0.000000 14 17
349641.000000 0.000000 0.000000 14 16
0.000000 0.000000 292759986.060633 6 16
0.000000 0.000000 292206274.891096 6 17
254829.000000 0.000000 0.000000 18 19
0.000000 0.000000 292206274.891096 6 17
0.000000 0.000000 428474881.664429 6 11
0.000000 0.000000 371639281.270369 7 12
0.000000 0.000000 290472369.785112 7 17
0.000000 0.000000 349402432.889166 7 13
0.000000 0.000000 458414247.052208 7 9
0.000000 0.000000 292759986.060633 6 16
0.000000 0.000000 252942609.648438 6 18
0.000000 0.000000 451634153.362398 7 14
0.000000 0.000000 286101662.704624 8 17
0.000000 0.000000 425932383.562699 7 11
0.000000 0.000000 252942609.648438 6 18
0.000000 0.000000 447656478.833055 6 8
0.000000 0.000000 425932383.562699 7 11
0.000000 0.000000 290472369.785112 7 17
0.000000 0.000000 461150639.665936 6 9
0.000000 0.000000 454495221.912171 6 7
0.000000 0.000000 311266850.638240 10 16
0.000000 0.000000 291022796.703295 7 16
0.000000 0.000000 451634153.362398 7 14
0.000000 0.000000 251441687.826521 7 18
0.000000 0.000000 251441687.826521 7 18
0.000000 0.000000 291022796.703295 7 16
0.000000 0.000000 486110702.538087 6 10
0.000000 0.000000 483226202.003351 7 10
0.000000 0.000000 397491158.206511 10 12
0.000000 0.000000 286643806.645167 8 16
0.000000 0.000000 311266850.638240 10 16
0.000000 0.000000 483226202.003351 7 10
0.000000 0.000000 295284399.361051 9 16
0.000000 0.000000 247658271.786891 8 18
0.000000 0.000000 295284399.361051 9 16
0.000000 0.000000 247658271.786891 8 18
0.000000 0.000000 310678136.383080 10 17
0.000000 0.000000 268932412.492480 10 18
0.000000 0.000000 486110702.538087 6 10
0.000000 0.000000 286101662.704624 8 17
0.000000 0.000000 429951340.660016 8 15
0.000000 0.000000 294725913.994069 9 17
0.000000 0.000000 294725913.994069 9 17
0.000000 0.000000 329398768.075667 11 13
0.000000 0.000000 255123685.379933 9 18
0.000000 0.000000 286643806.645167 8 16
0.000000 0.000000 445000158.936904 7 8
0.000000 0.000000 373707476.972415 10 13
0.000000 0.000000 429951340.660016 8 15
0.000000 0.000000 237046382.909110 11 18
0.000000 0.000000 344145011.189479 8 13
0.000000 0.000000 439125304.211558 6 15
0.000000 0.000000 373707476.972415 10 13
0.000000 0.000000 439125304.211558 6 15
0.000000 0.000000 445000158.936904 7 8
0.000000 0.000000 419523422.820794 8 11
0.000000 0.000000 354518921.480995 9 13
0.000000 0.000000 255123685.379933 9 18
0.000000 0.000000 475955147.566938 8 10
0.000000 0.000000 366047263.689578 8 12
0.000000 0.000000 354518921.480995 9 13
0.000000 0.000000 274361428.910024 11 16
0.000000 0.000000 359071349.697202 12 15
0.000000 0.000000 344145011.189479 8 13
0.000000 0.000000 436519606.765936 7 15
0.000000 0.000000 268932412.492480 10 18
0.000000 0.000000 451516535.874952 8 9
0.000000 0.000000 475955147.566938 8 10
0.000000 0.000000 397491158.206511 10 12
0.000000 0.000000 273842515.336722 11 17
0.000000 0.000000 273842515.336722 11 17
0.000000 0.000000 451516535.874952 8 9
0.000000 0.000000 274361428.910024 11 16
0.000000 0.000000 366047263.689578 8 12
0.000000 0.000000 239388899.988102 12 16
0.000000 0.000000 310678136.383080 10 17
0.000000 0.000000 237046382.909110 11 18
0.000000 0.000000 442911800.783315 9 15
0.000000 0.000000 436519606.765936 7 15
0.000000 0.000000 419523422.820794 8 11
0.000000 0.000000 238936131.481997 12 17
0.000000 0.000000 444838461.287783 8 14
0.000000 0.000000 225065186.538977 13 16
0.000000 0.000000 337586496.341651 13 15
0.000000 0.000000 206830358.637430 12 18
0.000000 0.000000 483050614.959843 10 14
0.000000 0.000000 444838461.287783 8 14
0.000000 0.000000 329398768.075667 11 13
0.000000 0.000000 359071349.697202 12 15
0.000000 0.000000 442911800.783315 9 15
0.000000 0.000000 377081396.423879 9 12
0.000000 0.000000 206830358.637430 12 18
0.000000 0.000000 350362531.594045 11 12
0.000000 0.000000 425777614.157065 11 14
0.000000 0.000000 377081396.423879 9 12
0.000000 0.000000 466884673.545659 10 15
0.000000 0.000000 432169538.740317 9 11
0.000000 0.000000 458247675.992848 9 14
0.000000 0.000000 411528390.282549 11 15
0.000000 0.000000 238936131.481997 12 17
0.000000 0.000000 337586496.341651 13 15
0.000000 0.000000 455560981.396361 10 11
0.000000 0.000000 490302342.918582 9 10
0.000000 0.000000 432169538.740317 9 11
0.000000 0.000000 458247675.992848 9 14
0.000000 0.000000 411528390.282549 11 15
0.000000 0.000000 239388899.988102 12 16
0.000000 0.000000 225065186.538977 13 16
0.000000 0.000000 425777614.157065 11 14
0.000000 0.000000 483050614.959843 10 14
0.000000 0.000000 466884673.545659 10 15
0.000000 0.000000 350362531.594045 11 12
0.000000 0.000000 455560981.396361 10 11
0.000000 0.000000 490302342.918582 9 10
0.000000 0.000000 371504240.415359 12 14
0.000000 0.000000 371504240.415359 12 14
0.000000 0.000000 349275472.205265 13 14
0.000000 0.000000 349275472.205265 13 14
0.000000 0.000000 287410694.035234 12 13
0.000000 0.000000 287410694.035234 12 13
0.000000 0.000000 224639509.191893 13 17
0.000000 0.000000 224639509.191893 13 17
0.000000 0.000000 244625690.539669 13 19
0.000000 0.000000 316200765.607985 14 19
0.000000 0.000000 305618680.482002 15 19
0.000000 0.000000 316200765.607985 14 19
0.000000 0.000000 244625690.539669 13 19
0.000000 0.000000 305618680.482002 15 19
0.000000 0.000000 203752595.550046 16 19
0.000000 0.000000 194454769.203107 13 18
0.000000 0.000000 203367227.986362 17 19
0.000000 0.000000 203367227.986362 17 19
0.000000 0.000000 194454769.203107 13 18
0.000000 0.000000 203752595.550046 16 19
0.000000 0.000000 290917049.410873 14 16
0.000000 0.000000 176040837.148081 18 19
0.000000 0.000000 176040837.148081 18 19
0.000000 0.000000 290917049.410873 14 16
0.000000 0.000000 251350323.339384 14 18
0.000000 0.000000 251350323.339384 14 18
0.000000 0.000000 290366823.432403 14 17
0.000000 0.000000 436360991.154152 14 15
0.000000 0.000000 280649305.945933 15 17
0.000000 0.000000 280649305.945933 15 17
0.000000 0.000000 281181117.532246 15 16
0.000000 0.000000 436360991.154152 14 15
0.000000 0.000000 290366823.432403 14 17
0.000000 0.000000 242938546.531689 15 18
0.000000 0.000000 161964443.454555 16 18
0.000000 0.000000 161658111.971638 17 18
0.000000 0.000000 281181117.532246 15 16
0.000000 0.000000 187105789.526254 16 17
0.000000 0.000000 242938546.531689 15 18
0.000000 0.000000 187105789.526254 16 17
0.000000 0.000000 161658111.971638 17 18
0.000000 0.000000 161964443.454555 16 18
