2.5 11.8340734696 0.250321292083
7.5 30.0960578019 0.939672389563
12.5 36.4485004235 1.46315367002
17.5 41.5767139142 2.04051458927
22.5 38.5069794344 2.92739696474
27.5 39.0701333834 4.17247475787
32.5 35.4304752693 4.86938217959
37.5 32.1124569237 6.16835972028
42.5 28.8150230342 6.22076622433
47.5 28.2610711646 8.26025707647
52.5 30.2352199583 11.8209309066
57.5 21.6965016062 11.0964617521
62.5 7.88929597076 12.5053720928
67.5 10.9913515436 11.1375798911
72.5 -1.88751781185 14.6234465293
77.5 13.3739309578 16.2872055732
82.5 15.2814504337 18.1830431322
87.5 21.8812193318 19.9788195778
92.5 11.4118537781 21.6271518418
97.5 14.9712697626 20.8849146036
102.5 16.814382476 23.4501444186
107.5 20.9479117806 28.3469550844
112.5 11.6801057321 26.4611288537
117.5 18.2468997813 29.8952622223
122.5 48.7125725354 28.1884791892
127.5 40.2723367657 29.9794594785
132.5 29.3087540191 27.5711710197
137.5 41.6410686858 30.7186945697
142.5 22.9660345916 28.7783833981
147.5 12.3340674683 38.2261973233
152.5 29.4054013021 35.07515562
157.5 -0.390451267776 35.5140268134
162.5 10.1660883919 42.7997858104
167.5 27.8768720474 40.1293339977
172.5 -3.80915196489 48.3367199317
177.5 -10.4034031746 57.5269778695
182.5 -27.8345152524 57.3972593806
187.5 35.5452601681 64.0145660799
192.5 -52.3180101845 67.4142567564
197.5 -32.8125620929 67.7368558431
