2.5 11.6365995419 0.240002466422
7.5 30.8755893895 0.676308559356
12.5 35.8549434119 1.07723373764
17.5 40.1927344203 1.93932068394
22.5 38.0999983049 2.85666595558
27.5 39.4100146308 4.08760039252
32.5 38.1899628602 5.09761373799
37.5 32.5730619003 6.00580143101
42.5 29.124051225 6.63163656617
47.5 26.7139875772 6.85905401196
52.5 26.098173399 10.7887311633
57.5 16.3545755096 9.95064200305
62.5 -0.833596470177 11.618105013
67.5 7.79622728545 10.786141233
72.5 0.311798286409 15.6729389592
77.5 10.6764383466 17.1914759936
82.5 6.59813365174 19.8926421077
87.5 14.723724286 19.7225666814
92.5 6.77362934979 19.5876559641
97.5 8.65895503541 23.8131074884
102.5 15.8371119006 24.404263188
107.5 9.86345342391 25.2520812246
112.5 -1.70227474835 23.8272853474
117.5 3.0932248569 27.6474551574
122.5 43.6407194827 29.8845519176
127.5 27.7988272919 30.2858263101
132.5 33.0403878523 30.2579557336
137.5 34.7821089821 31.5079960295
142.5 7.57569092018 28.7901862171
147.5 -14.6623406797 34.8506063546
152.5 23.431072439 33.3883471029
157.5 5.06090954094 33.5333655523
162.5 16.5426013199 43.4549605857
167.5 22.8939037946 34.343517808
172.5 -21.0549286014 42.0729593758
177.5 -10.485496498 53.687600243
182.5 -47.9283498376 60.5577867213
187.5 -0.470222361352 60.4015280861
192.5 -77.7394732998 59.5567094025
197.5 -63.5650330435 66.6031434415
