2.5 11.7610309029 0.244539275811
7.5 30.243329749 0.747207691795
12.5 36.0487270379 1.38666441065
17.5 40.4622030748 2.0152417159
22.5 38.255257497 2.68783039369
27.5 39.8542376325 3.96447095127
32.5 38.2039882351 4.94566463669
37.5 32.2704281459 5.95720929951
42.5 32.0252295008 6.28558510959
47.5 27.9129913029 7.53995698468
52.5 29.9357154795 11.0760321771
57.5 18.2734605862 10.1314615413
62.5 10.988120214 11.0745068985
67.5 15.1316554978 10.7194543218
72.5 3.11380027788 14.1982769546
77.5 11.1586372441 17.4826489599
82.5 15.0722822593 19.9288906751
87.5 24.7306669543 17.9525783548
92.5 16.9098193454 19.7618479843
97.5 17.147972613 23.1219445358
102.5 26.4224003405 24.0440709092
107.5 21.4206232824 25.0623466083
112.5 10.0541927537 23.9434417649
117.5 26.7244983408 29.2419797038
122.5 56.5006619535 27.7882427715
127.5 45.5978713128 31.449416948
132.5 39.0667549191 27.4199747897
137.5 44.5295717453 28.2689107102
142.5 40.2542812955 30.5000062448
147.5 17.1590857073 37.9623184141
152.5 38.9188775563 33.9024012071
157.5 25.2441310155 41.6105021357
162.5 31.6371764239 44.1429392804
167.5 33.9230266175 43.2967761058
172.5 1.3625468347 45.4199647613
177.5 0.126090799778 57.5649217614
182.5 -40.4635096288 58.408181248
187.5 16.0714969014 62.4099222526
192.5 -60.0549686416 65.4609896638
197.5 -42.6261962688 76.673058049
