2.5 11.4141094001 0.360525496904
7.5 29.271198431 1.22261140061
12.5 35.8482331719 2.46611523494
17.5 40.0792992001 3.57196007358
22.5 36.6331467912 5.78062449022
27.5 39.9001350303 6.55605836297
32.5 36.5784295692 10.1803575739
37.5 32.4077625967 11.6232395239
42.5 30.3269194944 13.428575114
47.5 27.2670165138 15.6194659441
52.5 40.323021524 21.1491554388
57.5 16.6969730571 22.8491141709
62.5 -13.1618985467 19.4354876712
67.5 -6.0419341383 13.9052759265
72.5 -7.73513589848 23.0885061448
77.5 -2.9588403545 28.4654172129
82.5 -7.51776709046 29.216007691
87.5 7.64253075402 31.7678303808
92.5 -7.56130868691 27.0351291494
97.5 -15.8004023268 35.2430475801
102.5 26.5402482725 37.6637310267
107.5 -4.03257275421 35.5796070332
112.5 -25.9605780709 35.7925897512
117.5 -25.4313716608 40.1389752835
122.5 -2.32926438878 64.1648998102
127.5 -1.22333916804 49.9736093532
132.5 48.333528177 57.8361579181
137.5 22.6272375496 51.088086842
142.5 -50.3225924519 39.5985526294
147.5 -59.9226220664 51.6788295256
152.5 -0.914239590033 56.3226489781
157.5 -2.51282840084 63.5488679425
162.5 -89.2764240133 75.4151618378
167.5 -5.88034566939 63.6510304061
172.5 -71.49836444 63.0080435175
177.5 -45.0911826565 86.2089020927
182.5 -23.8727759325 110.285823712
187.5 31.8662985781 91.617183255
192.5 -89.6408710434 121.664275794
197.5 -38.0170988709 127.411481503
