2.5 12.0944321272 0.419897335605
7.5 30.3266153868 1.126314001
12.5 34.1145478426 1.40796132774
17.5 37.6035398434 2.81542977272
22.5 36.5011836028 3.97770672872
27.5 38.2276257545 6.00112463373
32.5 37.9789800684 7.37244338005
37.5 32.1227608078 9.71249941851
42.5 24.3122303007 9.40519881765
47.5 29.0300950415 8.47563076687
52.5 29.2530939616 18.9185210875
57.5 31.378060189 16.1648417712
62.5 20.1506548422 20.844833379
67.5 48.1584456224 21.8987145099
72.5 32.824867886 32.0596110703
77.5 25.693989542 25.1340905053
82.5 16.2412334214 36.4047958684
87.5 -2.76859344929 31.5131837998
92.5 17.9358234574 34.8639120866
97.5 21.4428924861 36.6645600117
102.5 -10.269477455 37.0292119834
107.5 13.2024399387 43.1604281907
112.5 10.5542147258 38.6222266239
117.5 22.0489444305 48.0200287377
122.5 63.3759829167 38.6060508017
127.5 37.925815027 46.2596231269
132.5 26.3929228823 43.1265024386
137.5 39.115411548 49.2914480079
142.5 71.9665335166 53.9440118698
147.5 9.91719063006 53.1701731404
152.5 31.3857237117 52.8512480399
157.5 -31.959048841 49.8833679974
162.5 56.9807302411 69.4450404
167.5 44.8644741504 44.8056105488
172.5 32.2602813761 63.9134373113
177.5 31.6771028096 76.4188412362
182.5 -70.6624531383 84.5324268262
187.5 -49.2476159064 93.1017755828
192.5 -57.0958187442 77.85813889
197.5 25.5029582018 99.7175659671
