2.5 12.1631439276 0.377328944506
7.5 30.1310054378 1.28425368096
12.5 34.7043501489 2.17895853913
17.5 38.1356324657 3.03646295538
22.5 35.3001432935 3.78353415514
27.5 37.4180925502 6.00043461786
32.5 38.6896400065 6.50230362763
37.5 30.0766385775 8.77622651124
42.5 28.8855793471 8.33340933203
47.5 28.1108655438 9.47975879628
52.5 33.2813806402 18.9155570573
57.5 34.2596712739 16.8408496051
62.5 22.8055790609 19.5582342792
67.5 47.7339644134 20.8584078482
72.5 31.2503533579 29.7182843909
77.5 20.9580845962 27.4050343784
82.5 11.0016215391 35.0496817228
87.5 -3.10969407348 32.3687913532
92.5 23.2204363509 33.5814759164
97.5 21.4920476362 33.8224103051
102.5 -4.42222734646 35.7719591866
107.5 22.0137329831 48.7827711344
112.5 12.4931559135 44.4350973562
117.5 24.1285896395 54.1832483678
122.5 76.2526627956 38.5416495246
127.5 31.0373840126 47.5154240254
132.5 17.0341733976 35.8590892776
137.5 30.1263524482 48.2527416778
142.5 85.6965449714 55.3431017988
147.5 -13.2378302488 56.097430522
152.5 21.777634915 43.046336009
157.5 -17.8947300564 57.8643821358
162.5 39.7512184014 62.3675202592
167.5 29.7246167953 56.5483241684
172.5 22.8408595219 58.0610493817
177.5 22.924929867 78.8549568068
182.5 -77.3980099733 77.033837816
187.5 -58.0356389408 94.5772769144
192.5 -65.0186425169 82.8644368825
197.5 6.78173935828 108.82450968
