2.5 11.4531869054 0.52891101176
7.5 32.9846133844 1.55288810786
12.5 40.42962006 3.00745068437
17.5 45.0761824807 3.74780045709
22.5 44.6597463685 5.6836812415
27.5 44.5365271929 9.28521891043
32.5 38.9792442636 11.451822698
37.5 34.2896427425 10.6621621754
42.5 43.733083809 13.8093580795
47.5 23.1165056335 19.7720242716
52.5 19.509425886 17.4583492122
57.5 4.97260565981 15.3914881275
62.5 15.3824984691 20.2066171326
67.5 5.83578349241 26.437393947
72.5 -4.27503211658 29.2350241039
77.5 -1.44571218009 42.8412858877
82.5 39.8468462041 41.1503905269
87.5 77.8385117869 41.908698683
92.5 31.2719950974 55.8372141002
97.5 69.1000876572 68.7031339257
102.5 78.9219993294 73.0870836152
107.5 74.0529042856 69.2544370613
112.5 66.4301086641 62.6465458078
117.5 111.532077908 63.3948818021
122.5 78.2014703383 71.8820512074
127.5 115.537995092 65.7631485913
132.5 74.1075478383 72.2309422764
137.5 101.355432228 85.1219994044
142.5 154.203534605 75.0472215731
147.5 173.13215468 81.1146124654
152.5 102.682364849 79.9059358076
157.5 129.257241067 85.3241973241
162.5 138.257169414 102.232662688
167.5 35.2982593875 124.233626369
172.5 11.0888976532 139.404679519
177.5 -38.8212056108 187.400756793
182.5 25.277786569 168.629573216
187.5 112.09770485 174.618308018
192.5 -54.3166776179 157.180503219
197.5 -171.664722044 147.552657434
