2.5 11.4795549224 0.404084122056
7.5 28.8556073766 1.13954040597
12.5 35.0370584789 2.24234348088
17.5 39.318399757 3.87551841845
22.5 38.4727020039 5.15660359914
27.5 40.4047603696 6.42126505634
32.5 36.3929520042 10.2026571509
37.5 33.945911411 12.5014661787
42.5 29.1694819062 13.2834376128
47.5 30.4916296211 16.0042589049
52.5 41.9114392021 21.9496120317
57.5 18.1631339318 22.3885253309
62.5 -2.49145679982 17.9887333922
67.5 2.73894075128 14.1797588345
72.5 -5.61877190922 19.3955817593
77.5 6.72962620402 26.7696700828
82.5 4.90724331636 29.9702930144
87.5 22.4088919521 25.1661402765
92.5 9.3699352297 27.1850507029
97.5 -1.72368846391 35.7039626542
102.5 45.1802037826 36.2482319411
107.5 9.77049211889 32.2188735982
112.5 -5.81472664014 31.8941376432
117.5 -8.13279873154 41.5220428517
122.5 15.6486738658 48.3200887172
127.5 16.7389668874 54.4811956814
132.5 67.9502181329 52.6539747219
137.5 42.1071816635 38.2400361787
142.5 -21.1692401797 41.8511554648
147.5 -45.508756224 66.7944365912
152.5 34.6834551348 75.8637880949
157.5 15.3299582187 84.0552028511
162.5 -44.9578472834 78.9532417412
167.5 41.771734238 80.0824286476
172.5 -48.9289749649 85.5482970964
177.5 -22.6113770114 94.2891482942
182.5 3.2744427218 105.736541535
187.5 61.8648547093 94.4289522788
192.5 -49.6724064626 145.47277169
197.5 1.54027285026 158.643680576
