2.5 12.1038789326 0.389648690228
7.5 29.7521836589 1.7929257091
12.5 34.9697723258 2.16420104594
17.5 37.5594710388 2.90705170932
22.5 34.9616424548 4.20130920234
27.5 37.3197304078 7.26937694363
32.5 38.8846136611 8.05218187456
37.5 30.8741011754 8.7648229014
42.5 25.2680788585 7.98732631756
47.5 29.3113219931 10.3216203119
52.5 34.6232807805 19.6056624976
57.5 33.8345194232 16.4756435534
62.5 21.7067381108 21.1339188427
67.5 50.0170084201 22.2193385127
72.5 37.6042625965 29.6433380704
77.5 23.5166763096 25.3736561347
82.5 11.4374898722 30.8222658468
87.5 6.50308643377 34.1094471186
92.5 24.7182237797 35.171694388
97.5 23.7724234431 29.4463856895
102.5 -5.30362312829 32.6605740553
107.5 28.3338449499 47.7238815191
112.5 3.89171686893 49.5710598569
117.5 14.9025108787 57.4126630339
122.5 69.3777680441 37.8035186619
127.5 24.2100121426 50.6355898354
132.5 13.7751642379 42.2946733312
137.5 21.3836623479 51.955057341
142.5 78.0140109332 53.7488106973
147.5 19.4820070857 63.7080155619
152.5 34.4645593002 50.3945655697
157.5 -2.7640235148 53.6020570177
162.5 73.5553006555 67.0621280262
167.5 49.8799682888 51.6690971432
172.5 41.4782311984 69.9313789211
177.5 45.9870508858 86.2786175802
182.5 -25.7749528359 78.2666880569
187.5 1.77401960169 111.713257319
192.5 -34.0887220998 91.1944362753
197.5 39.4069776818 102.266777881
