2.5 11.8442410372 0.540927486351
7.5 29.2678436067 1.26966408801
12.5 35.7056585478 2.46405305119
17.5 42.9495372031 3.57059874489
22.5 37.8072525961 5.21787945177
27.5 38.1927523027 6.34603988723
32.5 38.0554493444 9.15973925584
37.5 28.9722585147 12.9618344545
42.5 29.6454892877 13.5589504587
47.5 33.2383758191 17.9026126515
52.5 41.4237135426 22.1513798485
57.5 19.5873497616 19.5605676206
62.5 -5.29005499486 21.4916710685
67.5 5.35478813067 15.5112658596
72.5 -6.3235849054 20.9430856932
77.5 17.9407080151 26.7411157109
82.5 6.44897411257 34.7368219763
87.5 18.0177656413 33.4105437246
92.5 8.24182214954 34.2151103749
97.5 -7.17837010528 35.8175838409
102.5 35.5863178288 43.8259639462
107.5 2.82530933936 42.7311090463
112.5 1.20347487379 37.6449999238
117.5 -7.88000592629 41.7902459208
122.5 18.0178196305 54.1131350116
127.5 20.7398184085 49.147475573
132.5 73.5068542858 59.1240532029
137.5 58.0838394202 44.1950492901
142.5 -19.3998354494 38.7527918529
147.5 -47.411602894 62.4735625476
152.5 24.6293604988 73.4635224744
157.5 -19.7851289932 58.1629335026
162.5 -76.4235059805 68.0599436231
167.5 7.56586692629 76.2860881674
172.5 -65.4376435967 76.885493685
177.5 -53.7114242544 85.2527925279
182.5 -32.599061303 100.373095384
187.5 43.0715153942 86.2724050209
192.5 -72.9049664325 138.016396527
197.5 8.78880079211 127.785895695
