2.5 11.6262546528 0.517863451509
7.5 33.27665527 1.49164257682
12.5 41.3602543833 3.27405746816
17.5 42.934333566 4.84844271433
22.5 42.0244502695 7.02441979195
27.5 48.9680399245 14.0966084419
32.5 47.3148229451 15.598620239
37.5 32.0453496286 15.5583860527
42.5 42.2148492076 16.5127111522
47.5 17.0783660559 19.5461488292
52.5 3.53929384717 22.1646959413
57.5 -6.83220335879 21.2313341238
62.5 13.8237478829 26.5620449536
67.5 2.34628590156 37.6626519085
72.5 10.6684726484 41.8412643451
77.5 3.77623436761 47.4351851964
82.5 39.1087813908 51.1075575436
87.5 97.9437704715 66.0378177176
92.5 89.515000462 61.1172632157
97.5 120.693077775 100.743751981
102.5 116.952046904 91.0579929147
107.5 116.367246076 101.106718029
112.5 80.7530854338 108.155423592
117.5 66.0017391268 87.0459768384
122.5 44.4410474232 106.612370674
127.5 47.5496972496 115.241014685
132.5 54.4228158928 121.810291546
137.5 80.8235662536 136.394956726
142.5 79.4039025986 129.296672422
147.5 121.724704577 140.514730311
152.5 27.8313966499 203.031093903
157.5 212.966542624 123.672656343
162.5 210.04059578 161.051198231
167.5 11.5287565779 119.401052191
172.5 -73.9376625242 143.486797473
177.5 -95.730102141 218.439894525
182.5 -65.3565633787 177.672883896
187.5 -29.2193253492 185.229783892
192.5 -270.223202883 240.501515999
197.5 -298.513205994 171.779170354
