2.5 11.4151119669 0.500283024822
7.5 32.9414632333 1.17119300724
12.5 40.4126571437 2.27702363119
17.5 45.6614149476 4.0371257569
22.5 43.0280923041 5.83090405582
27.5 41.8404508262 10.6498231424
32.5 40.051952834 9.78903600648
37.5 33.1899557689 10.142272917
42.5 37.2297342936 13.0321428444
47.5 16.0503619068 17.5788663262
52.5 14.6939619078 16.7562490906
57.5 3.00828741683 15.1496789671
62.5 -7.19912228273 20.1632156401
67.5 -1.61681921765 27.3345205539
72.5 -13.2199637139 28.6046883356
77.5 -1.58343406206 42.0166768032
82.5 22.0085931733 40.7917622782
87.5 57.7115998121 41.7766026148
92.5 31.8763714448 49.0601465908
97.5 56.1354710977 68.2827054405
102.5 62.7887378746 63.9112445686
107.5 47.9033325451 64.3557649617
112.5 32.8287150018 56.7585701177
117.5 40.4470371625 62.7577581826
122.5 33.5578865463 69.6942018707
127.5 58.7575975072 67.0379005729
132.5 29.1370810289 62.5451584743
137.5 48.2999602282 68.5875281053
142.5 73.3155200276 66.6562420508
147.5 72.0399369014 102.49900626
152.5 44.998312898 66.8456557945
157.5 74.9212706622 64.5762538361
162.5 86.3625864577 82.6516344999
167.5 -14.446214012 98.587088297
172.5 -26.1192238218 121.055870848
177.5 -72.7867719347 155.8949442
182.5 -24.1034663634 140.686468447
187.5 44.3581295563 158.925674672
192.5 -130.394422706 142.269449803
197.5 -230.033298006 125.727176132
