2.5 11.5298150973 0.409792506596
7.5 33.1826001343 2.22988100195
12.5 41.3757837948 3.35379353395
17.5 50.0477043189 4.79989528379
22.5 48.227335361 6.55015184632
27.5 43.0825618423 8.54823859147
32.5 29.7295572015 8.21086952403
37.5 36.8725355403 11.6937130413
42.5 39.6205598476 14.5444909695
47.5 16.4489885657 21.5700140314
52.5 16.6399322618 19.9328125367
57.5 0.201565632702 23.4156044018
62.5 6.68218482656 22.4135995494
67.5 -18.5981070683 23.0649154291
72.5 -29.5650264043 28.1902069653
77.5 -13.6908767471 34.9631874229
82.5 25.2235111716 29.5755578436
87.5 44.1210054853 36.5160780101
92.5 -5.51905957357 45.8646238666
97.5 34.7427502324 52.7144708875
102.5 47.2301144492 52.6766009676
107.5 46.8725508173 62.2871801492
112.5 45.1489590556 56.2913635491
117.5 84.004980933 64.1588106131
122.5 30.4040460752 67.8424029154
127.5 86.773740301 56.9234299185
132.5 20.8902275409 46.1067032506
137.5 36.4869411741 75.1039712087
142.5 69.8175686022 71.5346307071
147.5 86.8693309152 74.176113564
152.5 24.6695780135 65.4029146936
157.5 43.5667507158 81.8632444771
162.5 52.8740675594 96.3731670838
167.5 -35.8448277298 115.80311286
172.5 17.6230221503 135.638590621
177.5 -63.8467380435 181.821879587
182.5 -24.503262283 156.105368126
187.5 92.911506293 183.975755732
192.5 -75.8125983037 145.407947432
197.5 -187.550110235 127.941903915
