162735.000000 0.000000 0.000000 0 0
171405.000000 0.000000 0.000000 5 5
314821.000000 0.000000 0.000000 1 1
292230.000000 0.000000 0.000000 9 9
335790.000000 0.000000 0.000000 2 2
269745.000000 0.000000 0.000000 10 10
139656.000000 0.000000 0.000000 19 19
417241.000000 0.000000 0.000000 3 3
115440.000000 0.000000 0.000000 18 18
235641.000000 0.000000 0.000000 8 8
200028.000000 0.000000 0.000000 11 11
256686.000000 0.000000 0.000000 7 7
300700.000000 0.000000 0.000000 6 6
292230.000000 0.000000 0.000000 4 4
256686.000000 0.000000 0.000000 15 15
289180.000000 0.000000 0.000000 14 14
106953.000000 0.000000 0.000000 16 16
178503.000000 0.000000 0.000000 12 12
147696.000000 0.000000 0.000000 17 17
211575.000000 0.000000 0.000000 13 13
0.000000 8485292.311102 0.000000 0 19
0.000000 13157448.627729 0.000000 0 10
0.000000 12867933.651272 0.000000 0 3
0.000000 12109142.636728 0.000000 0 8
0.000000 6688774.069089 0.000000 0 18
0.000000 12344548.628028 0.000000 0 9
0.000000 12247462.108810 0.000000 0 2
0.000000 9850568.050934 0.000000 0 0
0.000000 9301027.339498 0.000000 1 18
0.000000 10940799.817606 0.000000 0 11
0.000000 10315164.107019 0.000000 0 5
0.000000 11086188.654185 0.000000 0 15
0.000000 13797096.868308 0.000000 1 13
0.000000 16591906.980039 0.000000 1 1
0.000000 17053435.333336 0.000000 1 7
0.000000 17389661.930423 0.000000 2 8
0.000000 17727723.072381 0.000000 2 9
0.000000 12260044.738315 0.000000 0 6
0.000000 17611860.167359 0.000000 2 7
0.000000 11799163.036300 0.000000 1 19
0.000000 18479344.298008 0.000000 2 3
0.000000 14813370.522059 0.000000 2 5
0.000000 17165624.535754 0.000000 1 9
0.000000 14146174.784455 0.000000 2 0
0.000000 12263868.482221 0.000000 0 7
0.000000 17030621.565641 0.000000 1 2
0.000000 18082805.357645 0.000000 1 4
0.000000 15920621.184035 0.000000 2 15
0.000000 17193275.465394 0.000000 1 14
0.000000 8060934.801085 0.000000 0 16
0.000000 16838282.406032 0.000000 1 8
0.000000 13697637.535172 0.000000 1 0
0.000000 11931963.331338 0.000000 0 1
0.000000 14343678.285950 0.000000 1 5
0.000000 18895110.114249 0.000000 2 10
0.000000 17893413.868755 0.000000 1 3
0.000000 17135218.795295 0.000000 2 1
0.000000 10094623.930402 0.000000 0 12
0.000000 7504102.427369 0.000000 0 17
0.000000 9922093.592131 0.000000 0 13
0.000000 10434776.406158 0.000000 1 17
0.000000 12364433.614793 0.000000 0 14
0.000000 13004133.323380 0.000000 0 4
0.000000 15213651.585187 0.000000 1 11
0.000000 11576123.529925 0.000000 2 16
0.000000 17048118.252101 0.000000 1 6
0.000000 17588299.349992 0.000000 2 2
0.000000 15415821.000195 0.000000 1 15
0.000000 18295996.866657 0.000000 1 10
0.000000 14248890.972257 0.000000 2 13
0.000000 17606368.975140 0.000000 2 6
0.000000 14037007.707450 0.000000 1 12
0.000000 11209075.710881 0.000000 1 16
0.000000 14496657.833922 0.000000 2 12
0.000000 18674937.522981 0.000000 2 4
0.000000 12185533.614126 0.000000 2 19
0.000000 16158469.829628 0.000000 3 12
0.000000 10776469.336452 0.000000 2 17
0.000000 15711831.611900 0.000000 2 11
0.000000 17756279.448210 0.000000 2 14
0.000000 9605594.985226 0.000000 2 18
0.000000 21061134.932467 0.000000 3 10
0.000000 19759925.474035 0.000000 3 9
0.000000 19099499.972980 0.000000 3 1
0.000000 20815723.043811 0.000000 3 4
0.000000 19383110.980144 0.000000 3 8
0.000000 16511488.606452 0.000000 3 5
0.000000 20597708.157615 0.000000 3 3
0.000000 19604519.031876 0.000000 3 2
0.000000 15767809.454941 0.000000 3 0
0.000000 19624660.050745 0.000000 3 6
0.000000 19630780.721136 0.000000 3 7
0.000000 17512944.016934 0.000000 3 11
0.000000 17745668.003021 0.000000 3 15
0.000000 15882300.424995 0.000000 3 13
0.000000 19791755.386082 0.000000 3 14
0.000000 12011820.699823 0.000000 3 17
0.000000 12903142.568006 0.000000 3 16
0.000000 13819790.791829 0.000000 4 5
0.000000 13293172.675442 0.000000 4 13
0.000000 15985905.339625 0.000000 4 1
0.000000 13524321.027923 0.000000 4 12
0.000000 17627755.167419 0.000000 4 10
0.000000 16565309.484659 0.000000 4 14
0.000000 16430576.864196 0.000000 4 7
0.000000 13582411.857034 0.000000 3 19
0.000000 13197345.987894 0.000000 4 0
0.000000 16408596.344732 0.000000 4 2
0.000000 16538668.475807 0.000000 4 9
0.000000 16425453.983732 0.000000 4 6
0.000000 14657989.247699 0.000000 4 11
0.000000 8272693.158423 0.000000 5 16
0.000000 12569199.292000 0.000000 5 2
0.000000 17239876.082281 0.000000 4 3
0.000000 10109339.540906 0.000000 5 0
0.000000 16223282.167002 0.000000 4 8
0.000000 17422350.250155 0.000000 4 4
0.000000 10706724.165937 0.000000 3 18
0.000000 11368211.237956 0.000000 4 19
0.000000 11377419.529477 0.000000 5 15
0.000000 8708198.413694 0.000000 5 19
0.000000 10586140.397081 0.000000 5 5
0.000000 12582112.463477 0.000000 5 6
0.000000 10359806.695674 0.000000 5 12
0.000000 13387111.747207 0.000000 6 0
0.000000 10182744.036717 0.000000 5 13
0.000000 12668836.245125 0.000000 5 9
0.000000 12586036.656085 0.000000 5 7
0.000000 12689243.604731 0.000000 5 14
0.000000 7701232.964016 0.000000 5 17
0.000000 14852774.641297 0.000000 4 15
0.000000 12245412.455690 0.000000 5 1
0.000000 13503090.885952 0.000000 5 10
0.000000 10053657.368522 0.000000 4 17
0.000000 12427246.208656 0.000000 5 8
0.000000 6864486.172526 0.000000 5 18
0.000000 10799676.220409 0.000000 4 16
0.000000 11228211.371479 0.000000 5 11
0.000000 13345748.034224 0.000000 5 4
0.000000 13205970.437151 0.000000 5 3
0.000000 16215768.030816 0.000000 6 1
0.000000 8961317.273109 0.000000 4 18
0.000000 16776479.395011 0.000000 6 9
0.000000 14868757.720539 0.000000 6 11
0.000000 14018506.737875 0.000000 6 5
0.000000 16803503.477291 0.000000 6 14
0.000000 15066343.949845 0.000000 6 15
0.000000 17881226.156785 0.000000 6 10
0.000000 13718788.389123 0.000000 6 12
0.000000 17672867.704720 0.000000 6 4
0.000000 11531675.713190 0.000000 6 19
0.000000 16666833.525030 0.000000 6 7
0.000000 16661636.982184 0.000000 6 6
0.000000 16456558.119749 0.000000 6 8
0.000000 13738272.275305 0.000000 7 11
0.000000 12369277.219987 0.000000 7 0
0.000000 9090172.815532 0.000000 6 18
0.000000 13484316.334805 0.000000 6 13
0.000000 16644536.945738 0.000000 6 2
0.000000 16329183.175592 0.000000 7 4
0.000000 10954965.682312 0.000000 6 16
0.000000 15500948.101099 0.000000 7 9
0.000000 15394837.263217 0.000000 7 6
0.000000 12952666.663629 0.000000 7 5
0.000000 16158158.367162 0.000000 7 3
0.000000 15379037.358525 0.000000 7 2
0.000000 17487769.725426 0.000000 6 3
0.000000 14982868.141698 0.000000 7 1
0.000000 16521699.941100 0.000000 7 10
0.000000 15205350.736831 0.000000 7 8
0.000000 15399638.707831 0.000000 7 7
0.000000 10198219.762108 0.000000 6 17
0.000000 12675736.179052 0.000000 7 12
0.000000 15525917.516857 0.000000 7 14
0.000000 12459091.252767 0.000000 7 13
0.000000 10654911.709662 0.000000 7 19
0.000000 9422839.651056 0.000000 7 17
0.000000 10122049.477559 0.000000 7 16
0.000000 8399038.542533 0.000000 7 18
0.000000 13920835.840362 0.000000 7 15
0.000000 13338374.089778 0.000000 8 15
0.000000 11851734.240045 0.000000 8 0
0.000000 14735562.992145 0.000000 8 2
0.000000 12145370.648507 0.000000 8 12
0.000000 14569143.592974 0.000000 8 8
0.000000 14876297.536981 0.000000 8 14
0.000000 14750701.812895 0.000000 8 6
0.000000 11937790.363595 0.000000 8 13
0.000000 14852372.866906 0.000000 8 9
0.000000 10209099.504479 0.000000 8 19
0.000000 13163449.167558 0.000000 8 11
0.000000 9028578.577640 0.000000 8 17
0.000000 8047614.335668 0.000000 8 18
0.000000 16408596.344732 0.000000 9 2
0.000000 14355969.892994 0.000000 8 1
0.000000 17422350.250155 0.000000 9 4
0.000000 9698532.763278 0.000000 8 16
0.000000 12410714.083503 0.000000 8 5
0.000000 15482084.795404 0.000000 8 3
0.000000 17239876.082281 0.000000 9 3
0.000000 13197345.987894 0.000000 9 0
0.000000 10799676.220409 0.000000 9 16
0.000000 14755302.360103 0.000000 8 7
0.000000 15985905.339625 0.000000 9 1
0.000000 15645953.753904 0.000000 8 4
0.000000 13524321.027923 0.000000 9 12
0.000000 16223282.167002 0.000000 9 8
0.000000 15830415.424654 0.000000 8 10
0.000000 16538668.475807 0.000000 9 9
0.000000 16430576.864196 0.000000 9 7
0.000000 13293172.675442 0.000000 9 13
0.000000 16425453.983732 0.000000 9 6
0.000000 14852774.641297 0.000000 9 15
0.000000 15587075.023145 0.000000 10 8
0.000000 14657989.247699 0.000000 9 11
0.000000 13819790.791829 0.000000 9 5
0.000000 16563802.510217 0.000000 10 3
0.000000 14265152.366239 0.000000 11 3
0.000000 17627755.167419 0.000000 9 10
0.000000 10920156.876148 0.000000 11 0
0.000000 13595496.934192 0.000000 11 7
0.000000 8609893.066499 0.000000 10 18
0.000000 14270312.890713 0.000000 10 15
0.000000 13591258.002315 0.000000 11 6
0.000000 10922399.032772 0.000000 10 19
0.000000 16565309.484659 0.000000 9 14
0.000000 12993955.497379 0.000000 10 12
0.000000 15781318.533410 0.000000 10 6
0.000000 11435199.439278 0.000000 11 5
0.000000 14416140.794867 0.000000 11 4
0.000000 11368211.237956 0.000000 9 19
0.000000 13227553.045327 0.000000 11 1
0.000000 15786240.516468 0.000000 10 7
0.000000 13577309.132662 0.000000 11 2
0.000000 12771871.786270 0.000000 10 13
0.000000 13277838.211704 0.000000 10 5
0.000000 15765121.978353 0.000000 10 2
0.000000 12679803.007952 0.000000 10 0
0.000000 15915689.504783 0.000000 10 14
0.000000 16936470.650967 0.000000 10 10
0.000000 10053657.368522 0.000000 9 17
0.000000 14586103.295051 0.000000 11 10
0.000000 14083166.139952 0.000000 10 11
0.000000 10376159.506128 0.000000 10 16
0.000000 15890093.241615 0.000000 10 9
0.000000 9659396.295106 0.000000 10 17
0.000000 8961317.273109 0.000000 9 18
0.000000 10999448.763086 0.000000 11 13
0.000000 16739120.828604 0.000000 10 4
0.000000 15359007.090921 0.000000 10 1
0.000000 13423970.734032 0.000000 11 8
0.000000 13706981.573204 0.000000 11 14
0.000000 12289942.938726 0.000000 11 15
0.000000 11190712.693527 0.000000 11 12
0.000000 13684937.445360 0.000000 11 9
0.000000 12128767.573615 0.000000 11 11
0.000000 10316356.732882 0.000000 12 0
0.000000 8318908.645512 0.000000 11 17
0.000000 13476399.865855 0.000000 12 3
0.000000 9406637.535148 0.000000 11 19
0.000000 12496171.755172 0.000000 12 1
0.000000 10802921.429132 0.000000 12 5
0.000000 7415050.763295 0.000000 11 18
0.000000 13619039.802898 0.000000 12 4
0.000000 12826589.038552 0.000000 12 2
0.000000 8936202.677572 0.000000 11 16
0.000000 12949091.596682 0.000000 12 14
0.000000 7005055.855275 0.000000 12 18
0.000000 12839766.643605 0.000000 12 6
0.000000 11610404.229711 0.000000 12 15
0.000000 10391264.392386 0.000000 12 13
0.000000 12928266.338802 0.000000 12 9
0.000000 13779604.692530 0.000000 12 10
0.000000 8442099.844244 0.000000 12 16
0.000000 11458140.614577 0.000000 12 11
0.000000 12681729.066199 0.000000 12 8
0.000000 7858937.393334 0.000000 12 17
0.000000 10571952.907892 0.000000 12 12
0.000000 12843771.195176 0.000000 12 7
0.000000 11760370.987353 0.000000 13 5
0.000000 12473661.438263 0.000000 13 11
0.000000 13963393.752489 0.000000 13 2
0.000000 13982098.742829 0.000000 13 7
0.000000 8886523.295768 0.000000 12 19
0.000000 13805695.020346 0.000000 13 8
0.000000 13977739.272508 0.000000 13 6
0.000000 11230682.664114 0.000000 13 0
0.000000 14826078.447879 0.000000 13 4
0.000000 13603691.994549 0.000000 13 1
0.000000 11508932.011854 0.000000 13 12
0.000000 14670796.509294 0.000000 13 3
0.000000 14074082.585875 0.000000 13 9
0.000000 15000874.004919 0.000000 13 10
0.000000 9674124.858259 0.000000 13 19
0.000000 12639419.989077 0.000000 13 15
0.000000 15902318.906464 0.000000 14 1
0.000000 10001089.225400 0.000000 14 17
0.000000 13128340.257235 0.000000 14 0
0.000000 8555465.289540 0.000000 13 17
0.000000 16344665.351166 0.000000 14 7
0.000000 13223665.890219 0.000000 14 13
0.000000 7625905.287419 0.000000 13 18
0.000000 9190312.706141 0.000000 13 16
0.000000 11312229.296589 0.000000 13 13
0.000000 10743207.325172 0.000000 14 16
0.000000 14581346.166666 0.000000 14 11
0.000000 17149732.939319 0.000000 14 3
0.000000 17331252.993950 0.000000 14 4
0.000000 14096753.561130 0.000000 13 14
0.000000 14775113.074552 0.000000 14 15
0.000000 16138454.547821 0.000000 14 8
0.000000 12369277.219987 0.000000 15 0
0.000000 16452191.777915 0.000000 14 9
0.000000 14982868.141698 0.000000 15 1
0.000000 11308769.610598 0.000000 14 19
0.000000 13747530.447812 0.000000 14 5
0.000000 16158158.367162 0.000000 15 3
0.000000 7987413.323170 0.000000 16 0
0.000000 15500948.101099 0.000000 15 9
0.000000 15205350.736831 0.000000 15 8
0.000000 16478693.487342 0.000000 14 14
0.000000 16329183.175592 0.000000 15 4
0.000000 16339569.257023 0.000000 14 6
0.000000 13738272.275305 0.000000 15 11
0.000000 12952666.663629 0.000000 15 5
0.000000 13453605.623851 0.000000 14 12
0.000000 16322799.762548 0.000000 14 2
0.000000 15399638.707831 0.000000 15 7
0.000000 8914460.712227 0.000000 14 18
0.000000 17535583.898559 0.000000 14 10
0.000000 15379037.358525 0.000000 15 2
0.000000 9675129.636004 0.000000 16 1
0.000000 15394837.263217 0.000000 15 6
0.000000 10654911.709662 0.000000 15 19
0.000000 16521699.941100 0.000000 15 10
0.000000 12459091.252767 0.000000 15 13
0.000000 9944257.630399 0.000000 16 7
0.000000 15525917.516857 0.000000 15 14
0.000000 9818796.918843 0.000000 16 8
0.000000 8399038.542533 0.000000 15 18
0.000000 13920835.840362 0.000000 15 15
0.000000 12675736.179052 0.000000 15 12
0.000000 10009677.784935 0.000000 16 9
0.000000 9422839.651056 0.000000 15 17
0.000000 10668824.368522 0.000000 16 10
0.000000 10544507.405305 0.000000 16 4
0.000000 9930954.389843 0.000000 16 2
0.000000 10122049.477559 0.000000 15 16
0.000000 8364134.818573 0.000000 16 5
0.000000 9941157.117156 0.000000 16 6
0.000000 10434068.792942 0.000000 16 3
0.000000 8185308.020476 0.000000 16 12
0.000000 8871436.629719 0.000000 16 11
0.000000 8989326.352082 0.000000 16 15
0.000000 5423646.924342 0.000000 16 18
0.000000 8045410.390990 0.000000 16 13
0.000000 6880368.371338 0.000000 16 19
0.000000 10025801.687240 0.000000 16 14
0.000000 6536274.628258 0.000000 16 16
0.000000 9384779.368986 0.000000 17 0
0.000000 11683965.769265 0.000000 17 7
0.000000 6084762.563507 0.000000 16 17
0.000000 11367754.907505 0.000000 17 1
0.000000 11668335.179068 0.000000 17 2
0.000000 12389226.843861 0.000000 17 4
0.000000 11680322.833025 0.000000 17 6
0.000000 9827406.784906 0.000000 17 5
0.000000 11536556.207256 0.000000 17 8
0.000000 12259467.436690 0.000000 17 3
0.000000 11760830.917255 0.000000 17 9
0.000000 10051268.585226 0.000000 18 1
0.000000 9452922.791877 0.000000 17 13
0.000000 12535292.562927 0.000000 17 10
0.000000 10423459.020634 0.000000 17 11
0.000000 9617294.952912 0.000000 17 12
0.000000 6372492.282902 0.000000 17 18
0.000000 7149267.461403 0.000000 17 17
0.000000 11779775.632905 0.000000 17 14
0.000000 8084061.326215 0.000000 17 19
0.000000 10561973.078659 0.000000 17 15
0.000000 8297939.111113 0.000000 18 0
0.000000 7679769.757878 0.000000 17 16
0.000000 8689306.366643 0.000000 18 5
0.000000 10954445.058318 0.000000 18 4
0.000000 10327638.387349 0.000000 18 6
0.000000 10398822.925450 0.000000 18 9
0.000000 11921430.650811 0.000000 19 3
0.000000 11083595.078390 0.000000 18 10
0.000000 8358190.924602 0.000000 18 13
0.000000 10415573.675165 0.000000 18 14
0.000000 5634501.448467 0.000000 18 18
0.000000 7147855.694644 0.000000 18 19
0.000000 9126007.879015 0.000000 19 0
0.000000 6321319.207484 0.000000 18 17
0.000000 11346597.995879 0.000000 19 2
0.000000 9556430.494843 0.000000 19 5
0.000000 10317039.009671 0.000000 18 2
0.000000 10330859.439036 0.000000 18 7
0.000000 12047612.133018 0.000000 19 4
0.000000 10839712.935997 0.000000 18 3
0.000000 10200521.205157 0.000000 18 8
0.000000 9338803.402432 0.000000 18 15
0.000000 11054305.783153 0.000000 19 1
0.000000 9216330.494366 0.000000 18 11
0.000000 8503527.338768 0.000000 18 12
0.000000 6790384.657062 0.000000 18 16
0.000000 11218452.635328 0.000000 19 8
0.000000 10136047.466761 0.000000 19 11
0.000000 10270742.203367 0.000000 19 15
0.000000 9192272.347291 0.000000 19 13
0.000000 6196780.179465 0.000000 19 18
0.000000 11454965.642967 0.000000 19 14
0.000000 9352112.187639 0.000000 19 12
0.000000 11358255.107864 0.000000 19 6
0.000000 7468011.400541 0.000000 19 16
0.000000 7861155.223460 0.000000 19 19
0.000000 12189650.304704 0.000000 19 10
0.000000 6952136.924756 0.000000 19 17
0.000000 11436543.300158 0.000000 19 9
0.000000 11361797.595401 0.000000 19 7
0.000000 0.000000 110410724.285469 19 19
0.000000 0.000000 188471494.420585 15 15
0.000000 0.000000 265476046.669268 10 10
0.000000 0.000000 99643945.994633 16 16
0.000000 0.000000 183560539.239095 11 11
0.000000 0.000000 230497400.319585 6 6
0.000000 0.000000 86353009.403204 17 17
0.000000 0.000000 163167470.252066 5 5
0.000000 0.000000 224858201.892617 8 8
0.000000 0.000000 150968799.240180 13 13
0.000000 0.000000 218326060.349729 1 1
0.000000 0.000000 234439266.238958 14 14
0.000000 0.000000 230024476.078729 2 2
0.000000 0.000000 233685794.876944 9 9
0.000000 0.000000 148800127.215940 0 0
0.000000 0.000000 253921586.087228 3 3
0.000000 0.000000 156264698.022591 12 12
0.000000 0.000000 68607950.969524 18 18
0.000000 0.000000 259325286.766906 4 4
0.000000 0.000000 230641201.583161 7 7
0.000000 0.000000 310532100.813267 1 19
0.000000 0.000000 256363308.404629 0 19
0.000000 0.000000 318743029.375819 2 19
0.000000 0.000000 330550738.847349 0 11
0.000000 0.000000 370524170.686503 0 7
0.000000 0.000000 274623973.416250 1 17
0.000000 0.000000 360496431.371144 0 1
0.000000 0.000000 334890945.303203 3 19
0.000000 0.000000 365849491.409461 0 8
0.000000 0.000000 295002096.590640 1 16
0.000000 0.000000 372961733.351213 0 9
0.000000 0.000000 397521609.484004 0 10
0.000000 0.000000 226718945.820300 0 17
0.000000 0.000000 334943322.070730 0 15
0.000000 0.000000 370408646.021212 0 6
0.000000 0.000000 392889545.390650 0 4
0.000000 0.000000 388774589.879430 0 3
0.000000 0.000000 363114016.826972 1 13
0.000000 0.000000 373562511.559018 0 14
0.000000 0.000000 370028491.196585 0 2
0.000000 0.000000 494248740.354539 2 10
0.000000 0.000000 302802388.157350 2 16
0.000000 0.000000 451767420.713477 1 9
0.000000 0.000000 281885438.181040 2 17
0.000000 0.000000 311648614.813342 0 5
0.000000 0.000000 372715289.225748 2 13
0.000000 0.000000 244785799.373663 1 18
0.000000 0.000000 391597504.844399 3 13
0.000000 0.000000 448214393.951850 1 2
0.000000 0.000000 475905920.342723 1 4
0.000000 0.000000 487989889.067660 3 14
0.000000 0.000000 379196248.349343 2 12
0.000000 0.000000 443152383.928548 1 8
0.000000 0.000000 519287991.329909 3 10
0.000000 0.000000 304985508.523114 0 12
0.000000 0.000000 463712820.485851 2 9
0.000000 0.000000 299772906.232172 0 13
0.000000 0.000000 452495142.209228 1 14
0.000000 0.000000 398406797.849401 3 12
0.000000 0.000000 464459783.235251 2 14
0.000000 0.000000 492361869.889747 4 9
0.000000 0.000000 470921486.665353 1 3
0.000000 0.000000 202085701.253344 0 18
0.000000 0.000000 296166102.324674 3 17
0.000000 0.000000 243542336.786965 0 16
0.000000 0.000000 410982151.576067 2 11
0.000000 0.000000 369428025.263914 1 12
0.000000 0.000000 416443561.845844 2 15
0.000000 0.000000 251258298.774519 2 18
0.000000 0.000000 318142731.187732 3 16
0.000000 0.000000 431803012.638382 3 11
0.000000 0.000000 454869989.006717 2 8
0.000000 0.000000 477914263.451277 3 8
0.000000 0.000000 481516725.620759 1 10
0.000000 0.000000 437541106.859719 3 15
0.000000 0.000000 400395111.120024 1 11
0.000000 0.000000 524784355.402235 4 10
0.000000 0.000000 483869950.046419 3 6
0.000000 0.000000 405715834.672067 1 15
0.000000 0.000000 484020863.654295 3 7
0.000000 0.000000 487205083.962690 3 9
0.000000 0.000000 263987354.127505 3 18
0.000000 0.000000 488991434.271587 4 6
0.000000 0.000000 448814807.969530 1 7
0.000000 0.000000 407110907.685485 3 5
0.000000 0.000000 377499024.743205 1 5
0.000000 0.000000 448674873.995907 1 6
0.000000 0.000000 411419943.959045 4 5
0.000000 0.000000 482972710.197959 4 8
0.000000 0.000000 489143944.257709 4 7
0.000000 0.000000 483373348.693836 2 3
0.000000 0.000000 488489577.838144 2 4
0.000000 0.000000 387480658.916288 2 5
0.000000 0.000000 460682137.231431 2 7
0.000000 0.000000 460538501.337743 2 6
0.000000 0.000000 513237062.532180 3 4
0.000000 0.000000 436373398.097291 4 11
0.000000 0.000000 346140963.290364 5 11
0.000000 0.000000 255028862.721380 5 16
0.000000 0.000000 416270474.661271 5 10
0.000000 0.000000 402623704.078719 4 12
0.000000 0.000000 313911513.399163 5 13
0.000000 0.000000 391181361.302974 5 14
0.000000 0.000000 319369964.396954 5 12
0.000000 0.000000 350740719.281179 5 15
0.000000 0.000000 338435571.292918 4 19
0.000000 0.000000 395742338.108592 4 13
0.000000 0.000000 493154982.577706 4 14
0.000000 0.000000 442172225.524953 4 15
0.000000 0.000000 321510088.828527 4 16
0.000000 0.000000 266781507.798706 4 18
0.000000 0.000000 299300849.056864 4 17
0.000000 0.000000 390552246.111401 5 9
0.000000 0.000000 383104558.857447 5 8
0.000000 0.000000 387878743.703877 5 6
453374.000000 0.000000 0.000000 0 1
468220.000000 0.000000 0.000000 0 2
521894.000000 0.000000 0.000000 0 3
436815.000000 0.000000 0.000000 0 4
0.000000 0.000000 387999719.186225 5 7
334606.000000 0.000000 0.000000 0 5
443096.000000 0.000000 0.000000 0 6
409407.000000 0.000000 0.000000 0 7
392277.000000 0.000000 0.000000 0 8
419685.000000 0.000000 0.000000 0 10
436815.000000 0.000000 0.000000 0 9
361443.000000 0.000000 0.000000 0 11
341458.000000 0.000000 0.000000 0 12
371721.000000 0.000000 0.000000 0 13
434531.000000 0.000000 0.000000 0 14
0.000000 0.000000 319170008.904432 7 19
409407.000000 0.000000 0.000000 0 15
264373.000000 0.000000 0.000000 0 16
310624.000000 0.000000 0.000000 0 17
274651.000000 0.000000 0.000000 0 18
302059.000000 0.000000 0.000000 0 19
651080.000000 0.000000 0.000000 1 2
607410.000000 0.000000 0.000000 1 4
725716.000000 0.000000 0.000000 1 3
465284.000000 0.000000 0.000000 1 5
569298.000000 0.000000 0.000000 1 7
616144.000000 0.000000 0.000000 1 6
545478.000000 0.000000 0.000000 1 8
607410.000000 0.000000 0.000000 1 9
583590.000000 0.000000 0.000000 1 10
502602.000000 0.000000 0.000000 1 11
516894.000000 0.000000 0.000000 1 13
474812.000000 0.000000 0.000000 1 12
604234.000000 0.000000 0.000000 1 14
0.000000 0.000000 268454527.938094 5 19
367622.000000 0.000000 0.000000 1 16
569298.000000 0.000000 0.000000 1 15
0.000000 0.000000 464189222.650349 6 9
381914.000000 0.000000 0.000000 1 18
431936.000000 0.000000 0.000000 1 17
0.000000 0.000000 237412006.304195 5 17
0.000000 0.000000 342425638.168279 10 19
627300.000000 0.000000 0.000000 2 4
420026.000000 0.000000 0.000000 1 19
749480.000000 0.000000 0.000000 2 3
563340.000000 0.000000 0.000000 2 8
587940.000000 0.000000 0.000000 2 7
636320.000000 0.000000 0.000000 2 6
480520.000000 0.000000 0.000000 2 5
602700.000000 0.000000 0.000000 2 10
519060.000000 0.000000 0.000000 2 11
627300.000000 0.000000 0.000000 2 9
0.000000 0.000000 282175037.528011 6 17
624020.000000 0.000000 0.000000 2 14
533820.000000 0.000000 0.000000 2 13
0.000000 0.000000 303113476.796546 6 16
490360.000000 0.000000 0.000000 2 12
587940.000000 0.000000 0.000000 2 15
0.000000 0.000000 282263043.783775 7 17
0.000000 0.000000 411532692.304550 7 11
0.000000 0.000000 494756513.783918 6 10
0.000000 0.000000 303208014.533350 7 16
0.000000 0.000000 262714918.682887 12 19
446080.000000 0.000000 0.000000 2 17
379660.000000 0.000000 0.000000 2 16
0.000000 0.000000 284736840.775454 11 19
394420.000000 0.000000 0.000000 2 18
0.000000 0.000000 379704210.884991 7 12
0.000000 0.000000 251516432.976270 6 18
433780.000000 0.000000 0.000000 2 19
627918.000000 0.000000 0.000000 3 8
535604.000000 0.000000 0.000000 3 5
0.000000 0.000000 305202724.928963 9 16
671790.000000 0.000000 0.000000 3 10
699210.000000 0.000000 0.000000 3 4
655338.000000 0.000000 0.000000 3 7
699210.000000 0.000000 0.000000 3 9
578562.000000 0.000000 0.000000 3 11
709264.000000 0.000000 0.000000 3 6
0.000000 0.000000 251594876.125095 7 18
0.000000 0.000000 373214568.531058 7 13
695554.000000 0.000000 0.000000 3 14
595014.000000 0.000000 0.000000 3 13
439634.000000 0.000000 0.000000 3 18
655338.000000 0.000000 0.000000 3 15
546572.000000 0.000000 0.000000 3 12
423182.000000 0.000000 0.000000 3 16
497216.000000 0.000000 0.000000 3 17
0.000000 0.000000 319070495.711914 6 19
0.000000 0.000000 465081961.483171 7 14
0.000000 0.000000 315143233.203864 8 19
484245.000000 0.000000 0.000000 4 11
525555.000000 0.000000 0.000000 4 8
548505.000000 0.000000 0.000000 4 7
457470.000000 0.000000 0.000000 4 12
498015.000000 0.000000 0.000000 4 13
448290.000000 0.000000 0.000000 4 5
593640.000000 0.000000 0.000000 4 6
585225.000000 0.000000 0.000000 4 9
562275.000000 0.000000 0.000000 4 10
483506.000000 0.000000 0.000000 3 19
582165.000000 0.000000 0.000000 4 14
354195.000000 0.000000 0.000000 4 16
404685.000000 0.000000 0.000000 4 19
420162.000000 0.000000 0.000000 5 7
367965.000000 0.000000 0.000000 4 18
402582.000000 0.000000 0.000000 5 8
448290.000000 0.000000 0.000000 5 9
416160.000000 0.000000 0.000000 4 17
454736.000000 0.000000 0.000000 5 6
548505.000000 0.000000 0.000000 4 15
0.000000 0.000000 211616950.315649 5 18
0.000000 0.000000 406340631.664411 8 11
0.000000 0.000000 284119964.668966 9 17
350428.000000 0.000000 0.000000 5 12
0.000000 0.000000 253250041.762894 9 18
271318.000000 0.000000 0.000000 5 16
309994.000000 0.000000 0.000000 5 19
370938.000000 0.000000 0.000000 5 11
0.000000 0.000000 458475775.602262 8 9
318784.000000 0.000000 0.000000 5 17
445946.000000 0.000000 0.000000 5 14
430710.000000 0.000000 0.000000 5 10
0.000000 0.000000 417001419.120894 7 15
281866.000000 0.000000 0.000000 5 18
556392.000000 0.000000 0.000000 6 7
593640.000000 0.000000 0.000000 6 9
420162.000000 0.000000 0.000000 5 15
381486.000000 0.000000 0.000000 5 13
533112.000000 0.000000 0.000000 6 8
0.000000 0.000000 382202165.906058 9 12
0.000000 0.000000 321269729.412553 9 19
491208.000000 0.000000 0.000000 6 11
464048.000000 0.000000 0.000000 6 12
570360.000000 0.000000 0.000000 6 10
0.000000 0.000000 270496882.201331 11 16
0.000000 0.000000 372013859.766540 11 15
373256.000000 0.000000 0.000000 6 18
447237.000000 0.000000 0.000000 8 13
318081.000000 0.000000 0.000000 8 16
359288.000000 0.000000 0.000000 6 16
545637.000000 0.000000 0.000000 7 14
390048.000000 0.000000 0.000000 7 17
428766.000000 0.000000 0.000000 7 12
453861.000000 0.000000 0.000000 7 11
410826.000000 0.000000 0.000000 8 12
344877.000000 0.000000 0.000000 7 18
379293.000000 0.000000 0.000000 7 19
590536.000000 0.000000 0.000000 6 14
331971.000000 0.000000 0.000000 7 16
410504.000000 0.000000 0.000000 6 19
466767.000000 0.000000 0.000000 7 13
422144.000000 0.000000 0.000000 6 17
514089.000000 0.000000 0.000000 7 15
434871.000000 0.000000 0.000000 8 11
548505.000000 0.000000 0.000000 7 9
492579.000000 0.000000 0.000000 7 8
505176.000000 0.000000 0.000000 6 13
525555.000000 0.000000 0.000000 8 9
526995.000000 0.000000 0.000000 7 10
0.000000 0.000000 375669830.454614 9 13
522807.000000 0.000000 0.000000 8 14
504945.000000 0.000000 0.000000 8 10
0.000000 0.000000 343241817.110149 12 15
492579.000000 0.000000 0.000000 8 15
556392.000000 0.000000 0.000000 6 15
373728.000000 0.000000 0.000000 8 17
330447.000000 0.000000 0.000000 8 18
363423.000000 0.000000 0.000000 8 19
484245.000000 0.000000 0.000000 9 11
562275.000000 0.000000 0.000000 9 10
0.000000 0.000000 414240035.274550 9 11
498015.000000 0.000000 0.000000 9 13
457470.000000 0.000000 0.000000 9 12
0.000000 0.000000 464936952.477445 6 14
0.000000 0.000000 411404379.130825 6 11
0.000000 0.000000 468141591.153554 9 14
0.000000 0.000000 373098203.379251 6 13
0.000000 0.000000 207092539.888911 12 18
0.000000 0.000000 419744742.830919 9 15
0.000000 0.000000 332950885.444288 11 13
388815.000000 0.000000 0.000000 10 19
325312.000000 0.000000 0.000000 12 17
548505.000000 0.000000 0.000000 9 15
378534.000000 0.000000 0.000000 11 12
334857.000000 0.000000 0.000000 11 19
453861.000000 0.000000 0.000000 11 15
316342.000000 0.000000 0.000000 12 19
416160.000000 0.000000 0.000000 9 17
466767.000000 0.000000 0.000000 13 15
354195.000000 0.000000 0.000000 9 16
404685.000000 0.000000 0.000000 9 19
559335.000000 0.000000 0.000000 10 14
301413.000000 0.000000 0.000000 13 16
344352.000000 0.000000 0.000000 11 17
353535.000000 0.000000 0.000000 10 18
495411.000000 0.000000 0.000000 13 14
439530.000000 0.000000 0.000000 10 12
287638.000000 0.000000 0.000000 12 18
304473.000000 0.000000 0.000000 11 18
412083.000000 0.000000 0.000000 11 13
0.000000 0.000000 455337305.368098 6 8
399840.000000 0.000000 0.000000 10 17
276874.000000 0.000000 0.000000 12 16
389298.000000 0.000000 0.000000 12 13
481713.000000 0.000000 0.000000 11 14
293079.000000 0.000000 0.000000 11 16
478485.000000 0.000000 0.000000 10 13
340305.000000 0.000000 0.000000 10 16
428766.000000 0.000000 0.000000 12 15
367965.000000 0.000000 0.000000 9 18
526995.000000 0.000000 0.000000 10 15
455078.000000 0.000000 0.000000 12 14
582165.000000 0.000000 0.000000 9 14
413984.000000 0.000000 0.000000 14 17
465255.000000 0.000000 0.000000 10 11
0.000000 0.000000 461155426.775195 6 7
344379.000000 0.000000 0.000000 13 19
352343.000000 0.000000 0.000000 14 16
354144.000000 0.000000 0.000000 13 17
313131.000000 0.000000 0.000000 13 18
545637.000000 0.000000 0.000000 14 15
0.000000 0.000000 379585822.235071 6 12
344877.000000 0.000000 0.000000 15 18
379293.000000 0.000000 0.000000 15 19
366041.000000 0.000000 0.000000 14 18
331971.000000 0.000000 0.000000 15 16
390048.000000 0.000000 0.000000 15 17
402569.000000 0.000000 0.000000 14 19
0.000000 0.000000 338740401.612945 11 12
0.000000 0.000000 464333997.289515 7 9
0.000000 0.000000 494910823.422754 7 10
222703.000000 0.000000 0.000000 16 18
287776.000000 0.000000 0.000000 17 19
261664.000000 0.000000 0.000000 17 18
251872.000000 0.000000 0.000000 16 17
254449.000000 0.000000 0.000000 18 19
244927.000000 0.000000 0.000000 16 19
0.000000 0.000000 414907307.027054 11 14
0.000000 0.000000 248420655.995100 8 18
0.000000 0.000000 278701901.426547 8 17
0.000000 0.000000 400408037.248541 10 13
0.000000 0.000000 455479319.776179 7 8
0.000000 0.000000 416871401.457227 6 15
0.000000 0.000000 251811527.958503 11 17
0.000000 0.000000 374913711.086724 8 12
0.000000 0.000000 411740362.401575 8 15
0.000000 0.000000 299382621.082086 8 16
0.000000 0.000000 368505944.923653 8 13
0.000000 0.000000 459214301.904698 8 14
0.000000 0.000000 376274970.190257 13 14
0.000000 0.000000 269926791.826485 10 18
0.000000 0.000000 302829528.441406 10 17
0.000000 0.000000 498166685.743751 9 10
0.000000 0.000000 488666831.524162 8 10
0.000000 0.000000 224451949.932788 11 18
0.000000 0.000000 325300607.630206 10 16
0.000000 0.000000 337375364.684377 13 15
0.000000 0.000000 382817828.220059 12 14
0.000000 0.000000 407370532.360987 10 12
0.000000 0.000000 245310711.255413 13 16
0.000000 0.000000 307200025.255253 12 13
0.000000 0.000000 249576296.700380 12 16
0.000000 0.000000 232336092.649087 12 17
0.000000 0.000000 447385322.798527 10 15
0.000000 0.000000 441518125.550742 10 11
0.000000 0.000000 498969149.237997 10 14
0.000000 0.000000 228365165.041114 13 17
0.000000 0.000000 258224776.573689 13 19
0.000000 0.000000 203553057.864895 13 18
0.000000 0.000000 321787239.451023 14 19
0.000000 0.000000 288520619.948310 15 19
0.000000 0.000000 284577634.019173 14 17
0.000000 0.000000 253657984.088856 14 18
0.000000 0.000000 195295998.456527 17 19
0.000000 0.000000 305694355.259221 14 16
0.000000 0.000000 420420879.024942 14 15
0.000000 0.000000 209787689.325033 16 19
0.000000 0.000000 174076888.993577 18 19
0.000000 0.000000 227434620.896265 15 18
0.000000 0.000000 255157772.634335 15 17
0.000000 0.000000 274091430.190340 15 16
0.000000 0.000000 185529060.299635 16 17
0.000000 0.000000 165371139.028818 16 18
0.000000 0.000000 153947649.823186 17 18
