394997.304132 0.000000 0.000000 0 0
490807.964254 0.000000 0.000000 6 6
528240.179341 0.000000 0.000000 1 1
645013.219456 0.000000 0.000000 18 18
402934.670628 0.000000 0.000000 7 7
382023.645227 0.000000 0.000000 5 5
532698.639691 0.000000 0.000000 2 2
388194.937393 0.000000 0.000000 10 10
399014.258443 0.000000 0.000000 8 8
577451.427153 0.000000 0.000000 17 17
609143.827446 0.000000 0.000000 3 3
395598.728956 0.000000 0.000000 11 11
442408.537070 0.000000 0.000000 4 4
454474.453730 0.000000 0.000000 12 12
494792.071635 0.000000 0.000000 13 13
472465.726011 0.000000 0.000000 16 16
508205.425594 0.000000 0.000000 15 15
452355.463968 0.000000 0.000000 9 9
367060.323392 0.000000 0.000000 19 19
437412.548795 0.000000 0.000000 14 14
0.000000 24189369.540068 0.000000 0 14
0.000000 24323710.442693 0.000000 0 8
0.000000 24158230.920255 0.000000 0 7
0.000000 24230294.583252 0.000000 0 16
0.000000 24124423.275886 0.000000 0 11
0.000000 24373532.234395 0.000000 0 18
0.000000 24202714.662846 0.000000 0 1
0.000000 27877920.505893 0.000000 1 0
0.000000 24317482.718731 0.000000 0 17
0.000000 21263228.952756 0.000000 0 19
0.000000 24298799.546842 0.000000 0 10
0.000000 24035455.790703 0.000000 0 13
0.000000 28085680.695420 0.000000 1 9
0.000000 24232963.607808 0.000000 0 4
0.000000 28006383.401763 0.000000 2 11
0.000000 27899519.337477 0.000000 1 6
0.000000 24150223.846588 0.000000 0 5
0.000000 28045631.173165 0.000000 2 7
0.000000 28191261.061779 0.000000 2 3
0.000000 24114636.852515 0.000000 0 0
0.000000 28044540.063830 0.000000 1 2
0.000000 24581527.399526 0.000000 1 19
0.000000 24294351.172583 0.000000 0 9
0.000000 28162341.651274 0.000000 2 2
0.000000 28081780.436296 0.000000 2 14
0.000000 28237738.685805 0.000000 2 8
0.000000 24283675.074361 0.000000 0 3
0.000000 28011627.558559 0.000000 1 16
0.000000 24237411.982067 0.000000 0 12
0.000000 28097272.977638 0.000000 2 1
0.000000 27903099.792796 0.000000 2 13
0.000000 24133320.024404 0.000000 0 6
0.000000 27995022.204777 0.000000 2 0
0.000000 27786382.600606 0.000000 1 13
0.000000 28132389.404679 0.000000 2 4
0.000000 28129290.896411 0.000000 2 16
0.000000 28119621.716481 0.000000 1 8
0.000000 28014713.105928 0.000000 1 4
0.000000 28137553.585127 0.000000 2 12
0.000000 28203655.094853 0.000000 2 9
0.000000 24258764.178510 0.000000 0 2
0.000000 27992085.758554 0.000000 1 15
0.000000 27964315.832231 0.000000 1 14
0.000000 24213390.761068 0.000000 0 15
0.000000 27928317.779590 0.000000 1 7
0.000000 27919061.137482 0.000000 1 5
0.000000 27889234.179580 0.000000 1 11
0.000000 28112422.105953 0.000000 1 17
0.000000 28019855.684877 0.000000 1 12
0.000000 28208819.275300 0.000000 2 10
0.000000 28016711.762660 0.000000 2 6
0.000000 28090823.274369 0.000000 1 10
0.000000 28230508.833179 0.000000 2 17
0.000000 28295577.506827 0.000000 2 18
0.000000 28073338.505943 0.000000 1 3
0.000000 28036335.648360 0.000000 2 5
0.000000 27979743.569077 0.000000 1 1
0.000000 28177218.600707 0.000000 1 18
0.000000 28109667.010711 0.000000 2 15
0.000000 24684782.537589 0.000000 2 19
0.000000 29978153.559178 0.000000 3 5
0.000000 30157061.677843 0.000000 3 9
0.000000 30043311.454247 0.000000 3 1
0.000000 29988092.899104 0.000000 3 7
0.000000 30026745.887704 0.000000 3 14
0.000000 30162583.533358 0.000000 3 10
0.000000 29933978.715063 0.000000 3 0
0.000000 30056563.907482 0.000000 3 15
0.000000 29835689.686907 0.000000 3 13
0.000000 30193505.924238 0.000000 3 8
0.000000 29957170.508223 0.000000 3 6
0.000000 29946126.797194 0.000000 3 11
0.000000 30086381.927259 0.000000 3 12
0.000000 30112886.833728 0.000000 3 2
0.000000 30143809.224609 0.000000 3 3
0.000000 30080860.071745 0.000000 3 4
0.000000 26394469.332437 0.000000 3 19
0.000000 25512705.913424 0.000000 4 0
0.000000 30185775.326518 0.000000 3 17
0.000000 30255350.705999 0.000000 3 18
0.000000 30077546.958436 0.000000 3 16
0.000000 25558827.388778 0.000000 4 7
0.000000 25605890.118730 0.000000 4 1
0.000000 25523059.714013 0.000000 4 11
0.000000 25532472.260004 0.000000 4 6
0.000000 25550356.097386 0.000000 4 5
0.000000 25428934.254108 0.000000 4 13
0.000000 25665189.158471 0.000000 4 2
0.000000 25702839.342433 0.000000 4 9
0.000000 25707545.615429 0.000000 4 10
0.000000 25642599.048094 0.000000 4 12
0.000000 23800735.784531 0.000000 5 1
0.000000 25733900.744202 0.000000 4 8
0.000000 23895224.810474 0.000000 5 10
0.000000 23756990.865112 0.000000 5 7
0.000000 23714120.844082 0.000000 5 0
0.000000 23834856.821677 0.000000 5 12
0.000000 25637892.775098 0.000000 4 4
0.000000 23723744.726354 0.000000 5 11
0.000000 25691544.287245 0.000000 4 3
0.000000 23636254.887392 0.000000 5 13
0.000000 25635069.011301 0.000000 4 16
0.000000 23830482.329735 0.000000 5 4
0.000000 23880351.537872 0.000000 5 3
0.000000 23732493.710238 0.000000 5 6
0.000000 23749116.779617 0.000000 5 5
0.000000 23787612.308705 0.000000 5 14
0.000000 23890850.318533 0.000000 5 9
0.000000 23855854.382998 0.000000 5 2
0.000000 20910071.508980 0.000000 5 19
0.000000 25727311.962009 0.000000 4 17
0.000000 22495984.921932 0.000000 4 19
0.000000 25786611.001750 0.000000 4 18
0.000000 25591771.299745 0.000000 4 14
0.000000 23919721.965349 0.000000 5 8
0.000000 27003974.725469 0.000000 6 4
0.000000 23913597.676630 0.000000 5 17
0.000000 25617185.173919 0.000000 4 15
0.000000 27060484.989048 0.000000 6 3
0.000000 27072381.886643 0.000000 6 9
0.000000 23968716.275097 0.000000 5 18
0.000000 23827857.634570 0.000000 5 16
0.000000 26783882.119950 0.000000 6 13
0.000000 27098158.498100 0.000000 6 17
0.000000 26872117.443784 0.000000 6 0
0.000000 27105098.355031 0.000000 6 8
0.000000 26982163.746543 0.000000 6 15
0.000000 26883022.933247 0.000000 6 11
0.000000 23811234.565191 0.000000 5 15
0.000000 27077338.927308 0.000000 6 10
0.000000 27160617.210477 0.000000 6 18
0.000000 26920696.442299 0.000000 6 7
0.000000 26970266.848948 0.000000 6 1
0.000000 27001000.501070 0.000000 6 16
0.000000 26955395.726953 0.000000 6 14
0.000000 27008931.766133 0.000000 6 12
0.000000 27032725.561325 0.000000 6 2
0.000000 26892937.014576 0.000000 6 6
0.000000 26911773.769103 0.000000 6 5
0.000000 23694654.377445 0.000000 6 19
0.000000 24393619.324486 0.000000 7 7
0.000000 24520285.757756 0.000000 7 3
0.000000 24560711.215182 0.000000 7 8
0.000000 24473571.895841 0.000000 7 12
0.000000 24359482.271548 0.000000 7 11
0.000000 24535557.597228 0.000000 7 10
0.000000 24531065.879736 0.000000 7 9
0.000000 24349600.493066 0.000000 7 0
0.000000 24449316.621385 0.000000 7 15
0.000000 24269647.921711 0.000000 7 13
0.000000 24495132.139802 0.000000 7 2
0.000000 24385534.233001 0.000000 7 5
0.000000 24425061.346929 0.000000 7 14
0.000000 24368465.706532 0.000000 7 6
0.000000 24466385.147854 0.000000 7 16
0.000000 24469080.178349 0.000000 7 4
0.000000 24438536.499405 0.000000 7 1
0.000000 21470409.583897 0.000000 7 19
0.000000 24401188.353335 0.000000 8 3
0.000000 24376156.908947 0.000000 8 2
0.000000 24554422.810694 0.000000 7 17
0.000000 24611018.451091 0.000000 7 18
0.000000 24350231.484403 0.000000 8 4
0.000000 24319836.159076 0.000000 8 1
0.000000 24231332.123564 0.000000 8 0
0.000000 24267091.329831 0.000000 8 5
0.000000 24250105.706854 0.000000 8 6
0.000000 24347549.543933 0.000000 8 16
0.000000 24491480.349161 0.000000 8 18
0.000000 24275137.151241 0.000000 8 7
0.000000 24416386.015999 0.000000 8 10
0.000000 24330563.920956 0.000000 8 15
0.000000 24241165.905287 0.000000 8 11
0.000000 24306426.456726 0.000000 8 14
0.000000 24411916.115215 0.000000 8 9
0.000000 24441417.460386 0.000000 8 8
0.000000 21366125.722060 0.000000 8 19
0.000000 24435159.599289 0.000000 8 17
0.000000 24354701.385187 0.000000 8 12
0.000000 25836632.892831 0.000000 9 5
0.000000 24151767.889618 0.000000 8 13
0.000000 25952752.591332 0.000000 9 2
0.000000 25798560.860536 0.000000 9 0
0.000000 25925150.367918 0.000000 9 4
0.000000 25892789.140467 0.000000 9 1
0.000000 25845199.100098 0.000000 9 7
0.000000 26022234.050271 0.000000 9 8
0.000000 25979403.013939 0.000000 9 3
0.000000 25818548.677491 0.000000 9 6
0.000000 22748039.273156 0.000000 9 19
0.000000 26015571.444620 0.000000 9 17
0.000000 25713850.588678 0.000000 9 13
0.000000 24066894.601835 0.000000 10 3
0.000000 24042206.085641 0.000000 10 2
0.000000 25995583.627665 0.000000 9 10
0.000000 26075534.895485 0.000000 9 18
0.000000 25929909.371955 0.000000 9 12
0.000000 25922294.965496 0.000000 9 16
0.000000 24016635.836764 0.000000 10 4
0.000000 23899365.384903 0.000000 10 0
0.000000 23934634.693753 0.000000 10 5
0.000000 25809030.669417 0.000000 9 11
0.000000 25990824.623628 0.000000 9 9
0.000000 25878512.128356 0.000000 9 14
0.000000 25904210.750156 0.000000 9 15
0.000000 23986656.924305 0.000000 10 1
0.000000 25875950.958557 0.000000 12 11
0.000000 27221661.602030 0.000000 13 8
0.000000 21275904.854614 0.000000 11 19
0.000000 25971377.831921 0.000000 12 15
0.000000 24013990.638606 0.000000 10 16
0.000000 24298151.589689 0.000000 11 3
0.000000 23909064.444837 0.000000 10 11
0.000000 24100400.445204 0.000000 10 17
0.000000 24217142.914301 0.000000 11 1
0.000000 27176856.379939 0.000000 13 3
0.000000 24273225.843416 0.000000 11 2
0.000000 24172632.653100 0.000000 11 7
0.000000 21073412.018247 0.000000 10 19
0.000000 27125081.456633 0.000000 13 12
0.000000 27148977.575082 0.000000 13 2
0.000000 24077475.394490 0.000000 10 9
0.000000 27193782.797173 0.000000 13 10
0.000000 25992371.744061 0.000000 12 4
0.000000 27027505.639634 0.000000 13 5
0.000000 27098198.323378 0.000000 13 15
0.000000 23942570.288244 0.000000 10 7
0.000000 24081884.058096 0.000000 10 10
0.000000 24155949.606523 0.000000 10 18
0.000000 22807022.712885 0.000000 12 19
0.000000 25912213.170435 0.000000 12 7
0.000000 27071315.190123 0.000000 13 14
0.000000 25989508.937860 0.000000 12 16
0.000000 26020045.537337 0.000000 12 2
0.000000 24203789.835941 0.000000 11 14
0.000000 26083027.273758 0.000000 12 17
0.000000 23997237.716938 0.000000 10 15
0.000000 25959926.607117 0.000000 12 1
0.000000 26089707.154893 0.000000 12 8
0.000000 24021044.500361 0.000000 10 12
0.000000 25885493.645893 0.000000 12 6
0.000000 24147706.906827 0.000000 11 6
0.000000 23973430.933487 0.000000 10 14
0.000000 27188804.439163 0.000000 13 9
0.000000 27277419.211744 0.000000 13 18
0.000000 24106572.574239 0.000000 10 8
0.000000 24129012.597122 0.000000 11 0
0.000000 24331979.388202 0.000000 11 17
0.000000 25945612.576113 0.000000 12 14
0.000000 24227825.376990 0.000000 11 15
0.000000 23917881.772049 0.000000 10 6
0.000000 25780524.085192 0.000000 12 13
0.000000 26062987.630351 0.000000 12 10
0.000000 25903624.751832 0.000000 12 5
0.000000 24338210.824770 0.000000 11 8
0.000000 26899064.002972 0.000000 13 13
0.000000 26143146.203978 0.000000 12 18
0.000000 27117116.083817 0.000000 13 16
0.000000 25865454.002487 0.000000 12 0
0.000000 27008587.879196 0.000000 13 6
0.000000 24164620.806083 0.000000 11 5
0.000000 24049784.332183 0.000000 11 13
0.000000 23796551.289474 0.000000 13 19
0.000000 27120103.098623 0.000000 13 4
0.000000 25997143.087730 0.000000 12 12
0.000000 27036466.684052 0.000000 13 7
0.000000 24138804.854586 0.000000 11 11
0.000000 24388062.317316 0.000000 11 18
0.000000 27086250.264154 0.000000 13 1
0.000000 26058216.286683 0.000000 12 9
0.000000 24251860.918039 0.000000 11 12
0.000000 24247409.891919 0.000000 11 4
0.000000 26046765.061879 0.000000 12 3
0.000000 26998631.163175 0.000000 13 11
0.000000 27214691.900816 0.000000 13 17
0.000000 24244739.276247 0.000000 11 16
0.000000 25461957.526064 0.000000 14 1
0.000000 24308834.052377 0.000000 11 9
0.000000 25369297.115990 0.000000 14 0
0.000000 26987678.775553 0.000000 13 0
0.000000 24313285.078497 0.000000 11 10
0.000000 23820891.172867 0.000000 10 13
0.000000 25547130.226234 0.000000 14 3
0.000000 25388952.354491 0.000000 14 6
0.000000 25406735.665515 0.000000 14 5
0.000000 25493780.293161 0.000000 14 4
0.000000 25490972.401946 0.000000 14 16
0.000000 25520923.241566 0.000000 14 2
0.000000 25473189.090922 0.000000 14 15
0.000000 25415159.339158 0.000000 14 7
0.000000 25285996.343297 0.000000 14 13
0.000000 25589248.594449 0.000000 14 8
0.000000 25498460.111851 0.000000 14 12
0.000000 25582696.848282 0.000000 14 17
0.000000 25641662.563784 0.000000 14 18
0.000000 25379592.717109 0.000000 14 11
0.000000 25558361.791091 0.000000 14 9
0.000000 25447918.069993 0.000000 14 14
0.000000 25563041.609782 0.000000 14 10
0.000000 26378177.090759 0.000000 16 0
0.000000 26417104.487314 0.000000 16 5
0.000000 26563082.224398 0.000000 16 3
0.000000 26474522.397234 0.000000 16 1
0.000000 26606875.545523 0.000000 16 8
0.000000 22369533.335447 0.000000 14 19
0.000000 24112262.541694 0.000000 15 19
0.000000 27509165.804831 0.000000 15 2
0.000000 27476881.603929 0.000000 15 16
0.000000 27549521.055958 0.000000 15 9
0.000000 27554565.462349 0.000000 15 10
0.000000 26574760.443364 0.000000 16 9
0.000000 26398613.973950 0.000000 16 6
0.000000 27484952.654154 0.000000 15 12
0.000000 27639311.489717 0.000000 15 18
0.000000 26425863.151539 0.000000 16 7
0.000000 26579626.367934 0.000000 16 10
0.000000 27537414.480620 0.000000 15 3
0.000000 27386082.288896 0.000000 15 5
0.000000 26507610.684306 0.000000 16 4
0.000000 29307149.884668 0.000000 17 12
0.000000 27255936.604017 0.000000 15 13
0.000000 26600063.251125 0.000000 16 17
0.000000 29363089.825013 0.000000 17 3
0.000000 27445606.284306 0.000000 15 1
0.000000 27345727.037771 0.000000 15 0
0.000000 26535833.046809 0.000000 16 2
0.000000 27479908.247763 0.000000 15 4
0.000000 27457712.859643 0.000000 15 15
0.000000 26512476.608875 0.000000 16 12
0.000000 26504691.129564 0.000000 16 16
0.000000 23259119.441743 0.000000 16 19
0.000000 25710857.182488 0.000000 17 19
0.000000 27356824.731830 0.000000 15 11
0.000000 29332968.318674 0.000000 17 2
0.000000 30930336.721429 0.000000 18 1
0.000000 27575751.969191 0.000000 15 17
0.000000 27395162.220399 0.000000 15 7
0.000000 29403969.012189 0.000000 17 17
0.000000 30817775.945976 0.000000 18 0
0.000000 29170527.338055 0.000000 17 11
0.000000 27430473.065134 0.000000 15 14
0.000000 29201724.612479 0.000000 17 5
0.000000 26388882.124811 0.000000 16 11
0.000000 29471742.401454 0.000000 17 18
0.000000 26291563.633422 0.000000 16 13
0.000000 26661373.900700 0.000000 16 18
0.000000 26486200.616200 0.000000 16 15
0.000000 29381377.882434 0.000000 17 10
0.000000 29265194.929409 0.000000 17 1
0.000000 29375999.042016 0.000000 17 9
0.000000 29062950.529686 0.000000 17 13
0.000000 29278104.146412 0.000000 17 15
0.000000 29211406.525231 0.000000 17 7
0.000000 30968993.957443 0.000000 18 4
0.000000 30841652.474103 0.000000 18 6
0.000000 30873487.844938 0.000000 18 7
0.000000 29301771.044250 0.000000 17 4
0.000000 31033801.676642 0.000000 18 3
0.000000 27366913.544611 0.000000 15 6
0.000000 29158693.889136 0.000000 17 0
0.000000 26459924.623525 0.000000 16 14
0.000000 29249058.408155 0.000000 17 14
0.000000 29181285.018891 0.000000 17 6
0.000000 31001966.305807 0.000000 18 2
0.000000 30863255.047169 0.000000 18 5
0.000000 29298543.739999 0.000000 17 16
0.000000 29411499.388774 0.000000 17 8
0.000000 27582814.138139 0.000000 15 8
0.000000 31084965.665484 0.000000 18 8
0.000000 31047445.407000 0.000000 18 9
0.000000 30974678.845092 0.000000 18 12
0.000000 31053130.294649 0.000000 18 10
0.000000 30830282.698804 0.000000 18 11
0.000000 30716584.945822 0.000000 18 13
0.000000 30943980.451787 0.000000 18 15
0.000000 30913282.058481 0.000000 18 14
0.000000 30965583.024853 0.000000 18 16
0.000000 31077006.822776 0.000000 18 17
0.000000 23249420.349117 0.000000 19 0
0.000000 27173762.963252 0.000000 18 19
0.000000 31148636.407155 0.000000 18 18
0.000000 23388376.486213 0.000000 19 2
0.000000 23334337.988453 0.000000 19 1
0.000000 23363501.622165 0.000000 19 4
0.000000 23422686.643521 0.000000 19 9
0.000000 23412393.596329 0.000000 19 3
0.000000 23173080.249107 0.000000 19 13
0.000000 23258855.642376 0.000000 19 11
0.000000 23283730.506424 0.000000 19 5
0.000000 23267433.181703 0.000000 19 6
0.000000 23450992.523300 0.000000 19 8
0.000000 23426975.413185 0.000000 19 10
0.000000 23367790.391828 0.000000 19 12
0.000000 23291450.291819 0.000000 19 7
0.000000 20500318.994513 0.000000 19 19
0.000000 23360928.360367 0.000000 19 16
0.000000 23344631.035646 0.000000 19 15
0.000000 23321471.679463 0.000000 19 14
0.000000 23499026.743531 0.000000 19 18
0.000000 23444988.245771 0.000000 19 17
0.000000 0.000000 285593050.000000 19 19
0.000000 0.000000 367625170.000000 11 11
0.000000 0.000000 370015206.000000 1 1
0.000000 0.000000 367896375.000000 6 6
0.000000 0.000000 367326960.000000 0 0
0.000000 0.000000 373532778.000000 17 17
0.000000 0.000000 371731011.000000 2 2
0.000000 0.000000 372959016.000000 10 10
0.000000 0.000000 368656281.000000 7 7
0.000000 0.000000 370858995.000000 16 16
0.000000 0.000000 372494865.000000 3 3
0.000000 0.000000 369607266.000000 14 14
0.000000 0.000000 371076903.000000 12 12
0.000000 0.000000 364918620.000000 13 13
0.000000 0.000000 368411940.000000 5 5
0.000000 0.000000 375256710.000000 18 18
0.000000 0.000000 370341720.000000 15 15
0.000000 0.000000 373724130.000000 8 8
0.000000 0.000000 370940703.000000 4 4
0.000000 0.000000 372822471.000000 9 9
0.000000 0.000000 650175600.000000 1 19
0.000000 0.000000 647809500.000000 0 19
0.000000 0.000000 651681300.000000 2 19
0.000000 0.000000 735250230.000000 0 6
0.000000 0.000000 734943264.000000 1 13
0.000000 0.000000 742533180.000000 1 3
0.000000 0.000000 735765225.000000 0 5
0.000000 0.000000 745280784.000000 1 18
0.000000 0.000000 740156235.000000 0 9
0.000000 0.000000 741050700.000000 0 8
0.000000 0.000000 745479780.000000 2 8
0.000000 0.000000 741362463.000000 2 14
0.000000 0.000000 742098672.000000 2 15
0.000000 0.000000 652350500.000000 3 19
0.000000 0.000000 732268680.000000 0 13
0.000000 0.000000 741771468.000000 1 2
0.000000 0.000000 740900940.000000 1 16
0.000000 0.000000 744579969.000000 2 9
0.000000 0.000000 739072035.000000 0 2
0.000000 0.000000 741118572.000000 1 12
0.000000 0.000000 740291760.000000 0 10
0.000000 0.000000 736009170.000000 0 7
0.000000 0.000000 737689680.000000 0 15
0.000000 0.000000 743757360.000000 1 8
0.000000 0.000000 737364420.000000 0 1
0.000000 0.000000 739649556.000000 1 14
0.000000 0.000000 736957845.000000 0 14
0.000000 0.000000 742568580.000000 0 18
0.000000 0.000000 740982552.000000 1 4
0.000000 0.000000 743788066.000000 4 9
0.000000 0.000000 742859628.000000 1 9
0.000000 0.000000 736645272.000000 2 13
0.000000 0.000000 738697416.000000 1 7
0.000000 0.000000 734979180.000000 0 11
0.000000 0.000000 740860965.000000 0 17
0.000000 0.000000 738857988.000000 4 6
0.000000 0.000000 743924256.000000 4 10
0.000000 0.000000 737663664.000000 1 11
0.000000 0.000000 739371972.000000 2 11
0.000000 0.000000 744716304.000000 2 10
0.000000 0.000000 739620652.000000 4 7
0.000000 0.000000 738452580.000000 1 5
0.000000 0.000000 739644642.000000 2 6
0.000000 0.000000 740162715.000000 2 5
0.000000 0.000000 739830975.000000 0 3
0.000000 0.000000 744686920.000000 4 8
0.000000 0.000000 740922775.000000 3 5
0.000000 0.000000 738421515.000000 0 12
0.000000 0.000000 742995648.000000 1 10
0.000000 0.000000 747773820.000000 3 18
0.000000 0.000000 740131220.000000 3 11
0.000000 0.000000 740384064.000000 1 15
0.000000 0.000000 737935704.000000 1 6
0.000000 0.000000 737401720.000000 3 13
0.000000 0.000000 745288911.000000 2 17
0.000000 0.000000 742834881.000000 2 12
0.000000 0.000000 746054235.000000 3 17
0.000000 0.000000 743566932.000000 1 17
0.000000 0.000000 743597685.000000 3 12
0.000000 0.000000 742616745.000000 2 16
0.000000 0.000000 740408118.000000 2 7
0.000000 0.000000 747006732.000000 2 18
0.000000 0.000000 743379325.000000 3 16
0.000000 0.000000 740404170.000000 3 6
0.000000 0.000000 738285990.000000 0 4
0.000000 0.000000 744252765.000000 2 3
0.000000 0.000000 739375510.000000 4 5
0.000000 0.000000 745481040.000000 3 10
0.000000 0.000000 738204675.000000 0 16
0.000000 0.000000 743461210.000000 3 4
0.000000 0.000000 742123755.000000 3 14
0.000000 0.000000 746245300.000000 3 8
0.000000 0.000000 745344565.000000 3 9
0.000000 0.000000 742860720.000000 3 15
0.000000 0.000000 741168430.000000 3 7
0.000000 0.000000 742698546.000000 2 4
0.000000 0.000000 738585608.000000 4 11
0.000000 0.000000 650988200.000000 4 19
0.000000 0.000000 738045405.000000 5 14
0.000000 0.000000 739511235.000000 5 12
0.000000 0.000000 736063820.000000 5 11
0.000000 0.000000 742144300.000000 5 8
0.000000 0.000000 742044834.000000 4 12
0.000000 0.000000 733349320.000000 5 13
0.000000 0.000000 746212248.000000 4 18
0.000000 0.000000 740573982.000000 4 14
0.000000 0.000000 741826930.000000 4 16
0.000000 0.000000 741384240.000000 5 10
0.000000 0.000000 744496254.000000 4 17
0.000000 0.000000 735861808.000000 4 13
0.000000 0.000000 737095330.000000 5 7
0.000000 0.000000 738778320.000000 5 15
0.000000 0.000000 741309408.000000 4 15
0.000000 0.000000 741248515.000000 5 9
0.000000 0.000000 739294075.000000 5 16
915044.633798 0.000000 0.000000 0 1
918888.294835 0.000000 0.000000 0 2
0.000000 0.000000 736335270.000000 5 6
982531.196243 0.000000 0.000000 0 3
837410.545909 0.000000 0.000000 0 4
778375.094905 0.000000 0.000000 0 5
882030.883629 0.000000 0.000000 0 6
799233.617681 0.000000 0.000000 0 7
795351.662456 0.000000 0.000000 0 8
846793.241337 0.000000 0.000000 0 9
784455.427265 0.000000 0.000000 0 10
791993.200585 0.000000 0.000000 0 11
848988.893211 0.000000 0.000000 0 12
832703.399767 0.000000 0.000000 0 14
885823.985111 0.000000 0.000000 0 13
865818.143866 0.000000 0.000000 0 16
897576.301113 0.000000 0.000000 0 15
1011540.315231 0.000000 0.000000 0 18
957083.809652 0.000000 0.000000 0 17
1062288.227572 0.000000 0.000000 1 2
763122.103123 0.000000 0.000000 0 19
0.000000 0.000000 648765500.000000 5 19
968095.218497 0.000000 0.000000 1 4
1135863.117263 0.000000 0.000000 1 3
899846.809016 0.000000 0.000000 1 5
1019678.919948 0.000000 0.000000 1 6
923960.472578 0.000000 0.000000 1 7
978942.159253 0.000000 0.000000 1 9
906876.026303 0.000000 0.000000 1 10
919472.706914 0.000000 0.000000 1 8
0.000000 0.000000 648311400.000000 6 19
1024063.965526 0.000000 0.000000 1 13
915590.129969 0.000000 0.000000 1 11
981480.460317 0.000000 0.000000 1 12
962653.484216 0.000000 0.000000 1 14
1037650.325260 0.000000 0.000000 1 15
1000936.051327 0.000000 0.000000 1 16
1106444.460662 0.000000 0.000000 1 17
1169399.343333 0.000000 0.000000 1 18
972161.719447 0.000000 0.000000 2 4
882213.464796 0.000000 0.000000 1 19
1140634.330212 0.000000 0.000000 2 3
0.000000 0.000000 653426000.000000 8 19
903626.631326 0.000000 0.000000 2 5
0.000000 0.000000 648980600.000000 7 19
927841.584753 0.000000 0.000000 2 7
923334.968152 0.000000 0.000000 2 8
1023962.099144 0.000000 0.000000 2 6
0.000000 0.000000 741954285.000000 5 17
983054.222968 0.000000 0.000000 2 9
919436.082377 0.000000 0.000000 2 11
910685.374962 0.000000 0.000000 2 10
966697.127072 0.000000 0.000000 2 14
1028365.564180 0.000000 0.000000 2 13
1042008.993660 0.000000 0.000000 2 15
985603.186211 0.000000 0.000000 2 12
0.000000 0.000000 741624840.000000 6 8
1174311.425796 0.000000 0.000000 2 18
1005140.500774 0.000000 0.000000 2 16
1111092.100033 0.000000 0.000000 2 17
0.000000 0.000000 740729682.000000 6 9
885919.217931 0.000000 0.000000 2 19
966212.498319 0.000000 0.000000 3 5
1039494.378711 0.000000 0.000000 3 4
1094882.492061 0.000000 0.000000 3 6
0.000000 0.000000 741494278.000000 7 9
992104.597820 0.000000 0.000000 3 7
0.000000 0.000000 652637300.000000 9 19
987285.849528 0.000000 0.000000 3 8
973760.135903 0.000000 0.000000 3 10
1051141.305304 0.000000 0.000000 3 9
0.000000 0.000000 738290106.000000 7 14
1114179.328202 0.000000 0.000000 3 15
1099590.944431 0.000000 0.000000 3 13
1033651.304515 0.000000 0.000000 3 14
983116.923962 0.000000 0.000000 3 11
1074757.295488 0.000000 0.000000 3 16
1188047.183007 0.000000 0.000000 3 17
1255645.127299 0.000000 0.000000 3 18
1053866.811677 0.000000 0.000000 3 12
0.000000 0.000000 743664420.000000 5 18
0.000000 0.000000 733592464.000000 7 13
947278.656024 0.000000 0.000000 3 19
0.000000 0.000000 738993618.000000 6 12
823502.132834 0.000000 0.000000 4 5
933167.464696 0.000000 0.000000 4 6
0.000000 0.000000 739756422.000000 7 12
0.000000 0.000000 738776610.000000 6 16
0.000000 0.000000 736579404.000000 6 7
0.000000 0.000000 735548616.000000 6 11
937180.474854 0.000000 0.000000 4 13
829934.978257 0.000000 0.000000 4 10
898209.833394 0.000000 0.000000 4 12
837909.761171 0.000000 0.000000 4 11
895886.886512 0.000000 0.000000 4 9
880980.172948 0.000000 0.000000 4 14
841462.933068 0.000000 0.000000 4 8
949614.142572 0.000000 0.000000 4 15
845569.948350 0.000000 0.000000 4 7
0.000000 0.000000 740865312.000000 6 10
0.000000 0.000000 648072400.000000 11 19
0.000000 0.000000 652756800.000000 10 19
0.000000 0.000000 741630048.000000 7 10
807364.834320 0.000000 0.000000 4 19
916014.775893 0.000000 0.000000 4 16
867381.378754 0.000000 0.000000 5 6
785959.278887 0.000000 0.000000 5 7
1070185.329019 0.000000 0.000000 4 18
832728.992629 0.000000 0.000000 5 9
1012571.655632 0.000000 0.000000 4 17
782141.798410 0.000000 0.000000 5 8
0.000000 0.000000 744604900.000000 8 16
0.000000 0.000000 741434958.000000 6 17
871111.481244 0.000000 0.000000 5 13
851437.913701 0.000000 0.000000 5 16
941187.763158 0.000000 0.000000 5 17
750447.534492 0.000000 0.000000 5 19
818873.166903 0.000000 0.000000 5 14
994739.809654 0.000000 0.000000 5 18
834888.177282 0.000000 0.000000 5 12
882668.604972 0.000000 0.000000 5 15
890625.049275 0.000000 0.000000 6 7
778839.116677 0.000000 0.000000 5 11
771426.536984 0.000000 0.000000 5 10
0.000000 0.000000 743143896.000000 6 18
0.000000 0.000000 732836016.000000 6 13
927922.061886 0.000000 0.000000 6 14
850384.225164 0.000000 0.000000 6 19
0.000000 0.000000 737528814.000000 6 14
946069.782500 0.000000 0.000000 6 12
1000213.103806 0.000000 0.000000 6 15
882556.698931 0.000000 0.000000 6 11
987116.924181 0.000000 0.000000 6 13
803101.259504 0.000000 0.000000 7 8
1066525.226506 0.000000 0.000000 6 17
874156.990027 0.000000 0.000000 6 10
1127208.769955 0.000000 0.000000 6 18
964823.438332 0.000000 0.000000 6 16
886299.196996 0.000000 0.000000 6 8
943623.060401 0.000000 0.000000 6 9
0.000000 0.000000 749006640.000000 8 18
0.000000 0.000000 743910984.000000 7 18
799710.074088 0.000000 0.000000 7 11
788251.554642 0.000000 0.000000 8 10
894455.109261 0.000000 0.000000 7 13
857261.110559 0.000000 0.000000 7 12
874254.338884 0.000000 0.000000 7 16
966409.261796 0.000000 0.000000 7 17
1021396.370373 0.000000 0.000000 7 18
0.000000 0.000000 736307864.000000 7 11
855044.065110 0.000000 0.000000 7 9
906321.935252 0.000000 0.000000 7 15
770557.667892 0.000000 0.000000 7 19
850891.033126 0.000000 0.000000 8 9
792098.855639 0.000000 0.000000 7 10
840816.937610 0.000000 0.000000 7 14
0.000000 0.000000 738617440.000000 8 13
0.000000 0.000000 741351440.000000 8 11
853097.310170 0.000000 0.000000 8 12
870008.000734 0.000000 0.000000 8 16
847298.050013 0.000000 0.000000 9 11
795825.804666 0.000000 0.000000 8 11
961715.318244 0.000000 0.000000 8 17
960254.013681 0.000000 0.000000 9 15
766814.994535 0.000000 0.000000 8 19
1016435.349099 0.000000 0.000000 8 18
0.000000 0.000000 737725912.000000 9 13
947681.033989 0.000000 0.000000 9 13
890851.040570 0.000000 0.000000 9 14
890110.654009 0.000000 0.000000 8 13
908273.749280 0.000000 0.000000 9 12
836733.008163 0.000000 0.000000 8 14
839233.914322 0.000000 0.000000 9 10
901919.841678 0.000000 0.000000 8 15
0.000000 0.000000 742390360.000000 7 8
0.000000 0.000000 742200282.000000 7 17
0.000000 0.000000 651107700.000000 12 19
948539.918244 0.000000 0.000000 10 17
0.000000 0.000000 744085440.000000 8 15
841409.965602 0.000000 0.000000 10 12
1023916.928856 0.000000 0.000000 9 17
886352.061639 0.000000 0.000000 11 13
926278.185750 0.000000 0.000000 9 16
889563.633497 0.000000 0.000000 10 15
849495.010808 0.000000 0.000000 11 12
877916.230476 0.000000 0.000000 10 13
784923.073776 0.000000 0.000000 10 11
756309.708731 0.000000 0.000000 10 19
1002510.290356 0.000000 0.000000 10 18
1082176.129761 0.000000 0.000000 9 18
858088.981463 0.000000 0.000000 10 16
833199.808905 0.000000 0.000000 11 14
816410.885120 0.000000 0.000000 9 19
825269.852834 0.000000 0.000000 10 14
0.000000 0.000000 747284220.000000 8 17
0.000000 0.000000 746518896.000000 10 17
866334.294079 0.000000 0.000000 11 16
898111.383684 0.000000 0.000000 11 15
0.000000 0.000000 744823620.000000 8 12
0.000000 0.000000 743347260.000000 8 14
0.000000 0.000000 739023264.000000 7 15
1012143.336491 0.000000 0.000000 11 18
0.000000 0.000000 743924601.000000 9 12
975246.947871 0.000000 0.000000 18 19
1132056.238832 0.000000 0.000000 13 18
1064169.738739 0.000000 0.000000 14 18
818527.758523 0.000000 0.000000 12 19
1026571.845087 0.000000 0.000000 12 17
944276.291781 0.000000 0.000000 14 15
1223124.137537 0.000000 0.000000 17 18
763577.031955 0.000000 0.000000 11 19
962743.858217 0.000000 0.000000 12 15
981828.039220 0.000000 0.000000 15 16
1147075.342934 0.000000 0.000000 15 18
854041.232787 0.000000 0.000000 13 19
1085322.277956 0.000000 0.000000 15 17
834753.187295 0.000000 0.000000 16 19
1046921.269013 0.000000 0.000000 16 17
1084982.106390 0.000000 0.000000 12 18
1006879.916037 0.000000 0.000000 14 17
865371.883812 0.000000 0.000000 15 19
931912.514619 0.000000 0.000000 13 14
910865.789609 0.000000 0.000000 14 16
1106489.379301 0.000000 0.000000 16 18
1004514.438234 0.000000 0.000000 13 15
893160.929996 0.000000 0.000000 12 14
950138.278020 0.000000 0.000000 12 13
928679.934291 0.000000 0.000000 12 16
1071111.730778 0.000000 0.000000 13 17
968972.582407 0.000000 0.000000 13 16
922744.304073 0.000000 0.000000 17 19
957654.367126 0.000000 0.000000 11 17
802826.577331 0.000000 0.000000 14 19
0.000000 0.000000 739539190.000000 7 16
0.000000 0.000000 741161628.000000 11 17
0.000000 0.000000 748102572.000000 9 18
0.000000 0.000000 746573380.000000 8 9
0.000000 0.000000 742869936.000000 11 18
0.000000 0.000000 744060816.000000 10 12
0.000000 0.000000 738504260.000000 11 16
0.000000 0.000000 748239552.000000 10 18
0.000000 0.000000 737860992.000000 10 13
0.000000 0.000000 743842320.000000 10 16
0.000000 0.000000 738261216.000000 6 15
0.000000 0.000000 743706145.000000 9 16
0.000000 0.000000 740456612.000000 9 11
0.000000 0.000000 746710080.000000 8 10
0.000000 0.000000 746382231.000000 9 17
0.000000 0.000000 743323392.000000 10 15
0.000000 0.000000 741963105.000000 12 16
0.000000 0.000000 738721188.000000 11 12
0.000000 0.000000 745808784.000000 9 10
0.000000 0.000000 740592192.000000 10 11
0.000000 0.000000 746349228.000000 12 18
0.000000 0.000000 737989056.000000 11 15
0.000000 0.000000 740709927.000000 12 14
0.000000 0.000000 742450023.000000 9 14
0.000000 0.000000 744632919.000000 12 17
0.000000 0.000000 735267456.000000 13 15
0.000000 0.000000 743187312.000000 9 15
0.000000 0.000000 732565856.000000 11 13
0.000000 0.000000 741445488.000000 12 15
0.000000 0.000000 737256924.000000 11 14
0.000000 0.000000 735780760.000000 13 16
0.000000 0.000000 734538024.000000 13 14
0.000000 0.000000 742585968.000000 10 14
0.000000 0.000000 735996888.000000 12 13
0.000000 0.000000 738428328.000000 13 17
0.000000 0.000000 740130336.000000 13 18
0.000000 0.000000 645682400.000000 13 19
0.000000 0.000000 650916500.000000 16 19
0.000000 0.000000 650462400.000000 15 19
0.000000 0.000000 653258700.000000 17 19
0.000000 0.000000 649817100.000000 14 19
0.000000 0.000000 654764400.000000 18 19
0.000000 0.000000 739975824.000000 14 15
0.000000 0.000000 743156937.000000 14 17
0.000000 0.000000 740492415.000000 14 16
0.000000 0.000000 745609536.000000 15 18
0.000000 0.000000 741227760.000000 15 16
0.000000 0.000000 743894928.000000 15 17
0.000000 0.000000 744869844.000000 14 18
0.000000 0.000000 744414255.000000 16 17
0.000000 0.000000 746130060.000000 16 18
0.000000 0.000000 748814868.000000 17 18
