911976.989300 0.000000 0.000000 0 0
1019577.953830 0.000000 0.000000 4 4
759253.182165 0.000000 0.000000 16 16
830254.949739 0.000000 0.000000 1 1
1047555.066514 0.000000 0.000000 3 3
1082996.718154 0.000000 0.000000 7 7
841180.031885 0.000000 0.000000 19 19
785568.141611 0.000000 0.000000 2 2
807106.276595 0.000000 0.000000 5 5
1132309.318505 0.000000 0.000000 13 13
854075.447494 0.000000 0.000000 11 11
1217098.777350 0.000000 0.000000 8 8
1053082.627076 0.000000 0.000000 9 9
1080020.482292 0.000000 0.000000 15 15
985999.880418 0.000000 0.000000 6 6
837292.173980 0.000000 0.000000 17 17
905853.677113 0.000000 0.000000 14 14
794585.528175 0.000000 0.000000 10 10
1015624.958960 0.000000 0.000000 18 18
946890.085684 0.000000 0.000000 12 12
0.000000 54865053.143622 0.000000 1 16
0.000000 54866342.659996 0.000000 1 2
0.000000 52104198.587738 0.000000 1 19
0.000000 53404232.120746 0.000000 2 12
0.000000 54907607.183955 0.000000 1 12
0.000000 53875994.085449 0.000000 1 18
0.000000 54790261.193958 0.000000 1 7
0.000000 52913836.283406 0.000000 2 0
0.000000 54586517.606943 0.000000 1 11
0.000000 55165510.458742 0.000000 1 6
0.000000 53290099.074264 0.000000 2 7
0.000000 54592965.188811 0.000000 1 10
0.000000 54601991.803425 0.000000 1 13
0.000000 53246201.748652 0.000000 2 14
0.000000 53387267.380019 0.000000 1 17
0.000000 55005610.428374 0.000000 1 1
0.000000 54638098.261884 0.000000 1 4
0.000000 53106984.516074 0.000000 2 13
0.000000 53499552.027615 0.000000 2 1
0.000000 52487405.120436 0.000000 2 15
0.000000 56455951.916529 0.000000 0 18
0.000000 57366706.143416 0.000000 0 14
0.000000 54745128.120885 0.000000 1 14
0.000000 55943821.572441 0.000000 0 17
0.000000 57276171.227744 0.000000 0 8
0.000000 56549189.367150 0.000000 0 15
0.000000 57308601.645298 0.000000 0 5
0.000000 52955225.190420 0.000000 2 9
0.000000 54599310.510235 0.000000 0 19
0.000000 54445960.322230 0.000000 1 9
0.000000 53098205.050956 0.000000 2 10
0.000000 57200500.253450 0.000000 0 11
0.000000 53142102.376545 0.000000 2 4
0.000000 54689678.916824 0.000000 1 5
0.000000 54403406.281904 0.000000 1 0
0.000000 53192270.748647 0.000000 2 5
0.000000 57807219.315197 0.000000 0 6
0.000000 57254550.949374 0.000000 0 4
0.000000 53655073.980854 0.000000 2 6
0.000000 54658730.523860 0.000000 1 8
0.000000 53362843.213807 0.000000 2 3
0.000000 53364097.423108 0.000000 2 2
0.000000 53162169.725386 0.000000 2 8
0.000000 57492374.011440 0.000000 0 16
0.000000 54865053.143622 0.000000 1 3
0.000000 53362843.213807 0.000000 2 16
0.000000 57536965.835577 0.000000 0 12
0.000000 53964970.715045 0.000000 1 15
0.000000 57414000.502350 0.000000 0 7
0.000000 57053212.107057 0.000000 0 9
0.000000 57207256.590441 0.000000 0 10
0.000000 51925519.352570 0.000000 2 17
0.000000 57639662.157832 0.000000 0 1
0.000000 57493725.278838 0.000000 0 2
0.000000 53091934.004444 0.000000 2 11
0.000000 57492374.011440 0.000000 0 3
0.000000 50677581.094733 0.000000 2 19
0.000000 57008620.282920 0.000000 0 0
0.000000 61618211.972219 0.000000 3 3
0.000000 57216715.462227 0.000000 0 13
0.000000 61776069.990569 0.000000 3 1
0.000000 61534214.127609 0.000000 3 7
0.000000 60607341.359925 0.000000 3 15
0.000000 61386493.780186 0.000000 3 8
0.000000 61483525.773103 0.000000 3 14
0.000000 52400864.678531 0.000000 2 18
0.000000 61099742.517479 0.000000 3 0
0.000000 61619660.210920 0.000000 3 2
0.000000 61305392.412953 0.000000 3 11
0.000000 61147534.394589 0.000000 3 9
0.000000 61666003.849325 0.000000 3 12
0.000000 61421251.508996 0.000000 3 5
0.000000 61312633.606456 0.000000 3 10
0.000000 61363321.960977 0.000000 3 4
0.000000 61322771.277360 0.000000 3 13
0.000000 61955651.589446 0.000000 3 6
0.000000 61618211.972219 0.000000 3 16
0.000000 58517532.915870 0.000000 3 19
0.000000 60706833.572022 0.000000 4 7
0.000000 60595389.833184 0.000000 4 5
0.000000 60538239.197909 0.000000 4 4
0.000000 61122604.443780 0.000000 4 6
0.000000 60789701.993275 0.000000 4 3
0.000000 59958530.422774 0.000000 3 17
0.000000 60278203.807254 0.000000 4 0
0.000000 53868540.555684 0.000000 5 4
0.000000 53888882.219744 0.000000 5 8
0.000000 60945437.474399 0.000000 4 1
0.000000 60507412.889718 0.000000 3 18
0.000000 53919394.715834 0.000000 5 5
0.000000 53637154.126997 0.000000 5 0
0.000000 59693838.561212 0.000000 4 18
0.000000 60325353.081355 0.000000 4 9
0.000000 54018560.328129 0.000000 5 7
0.000000 60481088.562608 0.000000 4 11
0.000000 52635327.172695 0.000000 5 17
0.000000 53824043.165552 0.000000 5 10
0.000000 60791130.759157 0.000000 4 2
0.000000 53974062.937997 0.000000 5 14
0.000000 59596895.592620 0.000000 6 5
0.000000 54134253.542472 0.000000 5 12
0.000000 53679108.809122 0.000000 5 9
0.000000 59284936.175943 0.000000 6 0
0.000000 59501340.455980 0.000000 6 13
0.000000 59792423.407071 0.000000 4 15
0.000000 51370329.937646 0.000000 5 19
0.000000 60789701.993275 0.000000 4 16
0.000000 56779424.286210 0.000000 6 19
0.000000 60836851.267377 0.000000 4 12
0.000000 53817686.395533 0.000000 5 11
0.000000 58807160.492860 0.000000 6 15
0.000000 59941175.128994 0.000000 6 1
0.000000 60561099.452019 0.000000 4 8
0.000000 59152336.291159 0.000000 4 17
0.000000 59563170.250277 0.000000 6 8
0.000000 59491503.897797 0.000000 6 10
0.000000 62821639.889475 0.000000 7 1
0.000000 54092298.860347 0.000000 5 3
0.000000 54093570.214351 0.000000 5 2
0.000000 54092298.860347 0.000000 5 16
0.000000 54388524.343266 0.000000 5 6
0.000000 59788005.865900 0.000000 6 3
0.000000 60498233.753217 0.000000 4 13
0.000000 54230876.446744 0.000000 5 1
0.000000 59540686.688714 0.000000 6 4
0.000000 59331308.521666 0.000000 6 9
0.000000 59789411.088497 0.000000 6 2
0.000000 59657320.164319 0.000000 6 14
0.000000 53832942.643578 0.000000 5 13
0.000000 57730714.238058 0.000000 4 19
0.000000 58710200.133648 0.000000 6 18
0.000000 59706502.955236 0.000000 6 7
0.000000 60656826.766104 0.000000 4 14
0.000000 59788005.865900 0.000000 6 16
0.000000 53117170.339755 0.000000 5 18
0.000000 62133865.465752 0.000000 7 0
0.000000 60115422.731082 0.000000 6 6
0.000000 59834378.211614 0.000000 6 12
0.000000 62460816.048428 0.000000 7 5
0.000000 53204893.765948 0.000000 5 15
0.000000 60488232.392029 0.000000 4 10
0.000000 62350359.770497 0.000000 7 10
0.000000 62575690.577423 0.000000 7 7
0.000000 59484477.784809 0.000000 6 11
0.000000 62342996.018635 0.000000 7 11
0.000000 62425470.039490 0.000000 7 8
0.000000 58177620.769769 0.000000 6 17
0.000000 62662582.849337 0.000000 7 2
0.000000 62661110.098965 0.000000 7 3
0.000000 62401906.033532 0.000000 7 4
0.000000 63004260.935588 0.000000 7 6
0.000000 62182466.228042 0.000000 7 9
0.000000 62709710.861223 0.000000 7 12
0.000000 62524144.314422 0.000000 7 14
0.000000 62360669.023104 0.000000 7 13
0.000000 60973338.173106 0.000000 7 17
0.000000 61633130.339479 0.000000 7 15
0.000000 62661110.098965 0.000000 7 16
0.000000 61531510.563903 0.000000 7 18
0.000000 59507951.553535 0.000000 7 19
0.000000 66425307.018740 0.000000 8 2
0.000000 66423745.833561 0.000000 8 3
0.000000 66148977.241959 0.000000 8 4
0.000000 66211424.649141 0.000000 8 5
0.000000 65864841.539280 0.000000 8 0
0.000000 61318493.928440 0.000000 9 9
0.000000 66787501.980396 0.000000 8 6
0.000000 66593915.018132 0.000000 8 1
0.000000 61791939.739278 0.000000 9 2
0.000000 66105264.056931 0.000000 8 13
0.000000 66094335.760674 0.000000 8 10
0.000000 61558121.409386 0.000000 9 8
0.000000 61534884.805173 0.000000 9 4
0.000000 53965005.959213 0.000000 10 6
0.000000 61655424.689527 0.000000 9 14
0.000000 66423745.833561 0.000000 8 16
0.000000 53449071.237051 0.000000 10 4
0.000000 61790487.451515 0.000000 9 16
0.000000 63081248.363368 0.000000 8 19
0.000000 61494220.747800 0.000000 9 13
0.000000 65334038.578231 0.000000 8 15
0.000000 53597922.819611 0.000000 10 7
0.000000 61948786.817715 0.000000 9 1
0.000000 62128870.500357 0.000000 9 6
0.000000 61706254.761243 0.000000 9 7
0.000000 66086529.834777 0.000000 8 11
0.000000 61592976.315705 0.000000 9 5
0.000000 58681139.350380 0.000000 9 19
0.000000 66173956.204832 0.000000 8 8
0.000000 60126165.674879 0.000000 9 17
0.000000 53671087.156742 0.000000 10 3
0.000000 53808585.652316 0.000000 10 1
0.000000 61270568.432251 0.000000 9 0
0.000000 65916360.650205 0.000000 8 9
0.000000 55642540.086995 0.000000 11 3
0.000000 60676582.737066 0.000000 9 18
0.000000 61790487.451515 0.000000 9 3
0.000000 61476793.294640 0.000000 9 11
0.000000 66333197.093146 0.000000 8 7
0.000000 66278555.611862 0.000000 8 14
0.000000 55947255.150915 0.000000 11 6
0.000000 55566688.268288 0.000000 11 7
0.000000 53219486.592526 0.000000 10 0
0.000000 53671087.156742 0.000000 10 16
0.000000 66475264.944486 0.000000 8 12
0.000000 61838412.947704 0.000000 9 12
0.000000 64634627.617673 0.000000 8 17
0.000000 50970313.949968 0.000000 10 19
0.000000 52790592.201868 0.000000 10 15
0.000000 61484054.733457 0.000000 9 10
0.000000 65226316.800842 0.000000 8 18
0.000000 60776790.592732 0.000000 9 15
0.000000 55412369.050928 0.000000 11 4
0.000000 53553771.926510 0.000000 10 14
0.000000 53469254.502522 0.000000 10 8
0.000000 55643847.876973 0.000000 11 2
0.000000 55174351.274991 0.000000 11 0
0.000000 52225460.769498 0.000000 10 17
0.000000 53499529.400681 0.000000 10 5
0.000000 53712715.141641 0.000000 10 12
0.000000 53404920.343835 0.000000 10 10
0.000000 53672348.610830 0.000000 10 2
0.000000 53261114.577501 0.000000 10 9
0.000000 52703551.869643 0.000000 10 18
0.000000 55785089.194184 0.000000 11 1
0.000000 55464680.650037 0.000000 11 5
0.000000 53413750.522479 0.000000 10 13
0.000000 53398613.073376 0.000000 10 11
0.000000 55433293.690572 0.000000 11 8
0.000000 55217508.344254 0.000000 11 9
0.000000 55366596.401709 0.000000 11 10
0.000000 55360057.451821 0.000000 11 11
0.000000 54729702.682762 0.000000 11 15
0.000000 52842561.747177 0.000000 11 19
0.000000 55520915.619074 0.000000 11 14
0.000000 55375750.931553 0.000000 11 13
0.000000 54143812.773717 0.000000 11 17
0.000000 55685697.156197 0.000000 11 12
0.000000 55642540.086995 0.000000 11 16
0.000000 54639465.174462 0.000000 11 18
0.000000 58906847.067128 0.000000 12 6
0.000000 58093056.823627 0.000000 12 0
0.000000 58343665.663411 0.000000 12 4
0.000000 58398744.529298 0.000000 12 5
0.000000 58736102.582868 0.000000 12 1
0.000000 58587389.644963 0.000000 12 2
0.000000 58586012.673316 0.000000 12 3
0.000000 58138496.887984 0.000000 12 9
0.000000 58506148.317777 0.000000 12 7
0.000000 58586012.673316 0.000000 12 16
0.000000 58365697.209766 0.000000 12 8
0.000000 63529137.004503 0.000000 13 0
0.000000 57119833.129781 0.000000 14 5
0.000000 57304346.985688 0.000000 14 2
0.000000 57008003.166886 0.000000 12 17
0.000000 64232356.018541 0.000000 13 1
0.000000 54419466.116246 0.000000 14 19
0.000000 62913255.683934 0.000000 13 18
0.000000 63750492.882583 0.000000 13 10
0.000000 57065960.471057 0.000000 14 4
0.000000 57529875.420588 0.000000 12 18
0.000000 62572779.165498 0.000000 15 2
0.000000 62312475.933632 0.000000 15 4
0.000000 58457954.310126 0.000000 12 14
0.000000 64068221.387855 0.000000 13 3
0.000000 57616808.405852 0.000000 14 6
0.000000 58288586.797525 0.000000 12 11
0.000000 57303000.169222 0.000000 14 3
0.000000 58305110.457291 0.000000 12 13
0.000000 62731608.256081 0.000000 15 1
0.000000 56865284.817310 0.000000 14 9
0.000000 63803196.663079 0.000000 13 4
0.000000 62342549.032390 0.000000 13 17
0.000000 57303000.169222 0.000000 14 16
0.000000 57087509.534547 0.000000 14 8
0.000000 57624886.464101 0.000000 12 15
0.000000 60844255.844252 0.000000 13 19
0.000000 62571308.525771 0.000000 15 3
0.000000 57018821.894674 0.000000 14 10
0.000000 62044819.503050 0.000000 15 0
0.000000 57347445.112607 0.000000 14 12
0.000000 64069727.210155 0.000000 13 2
0.000000 58295471.655761 0.000000 12 10
0.000000 55637916.377652 0.000000 12 19
0.000000 57449803.164040 0.000000 14 1
0.000000 64068221.387855 0.000000 13 16
0.000000 57224884.814181 0.000000 14 7
0.000000 64419077.983722 0.000000 13 6
0.000000 56362922.275345 0.000000 14 15
0.000000 63742963.771084 0.000000 13 11
0.000000 63761033.638682 0.000000 13 13
0.000000 62371301.522771 0.000000 15 5
0.000000 63928179.913968 0.000000 13 14
0.000000 62913967.582402 0.000000 15 6
0.000000 63863429.555073 0.000000 13 5
0.000000 63578829.140399 0.000000 13 9
0.000000 55759548.498797 0.000000 14 17
0.000000 56820839.873863 0.000000 14 0
0.000000 63017157.422606 0.000000 13 15
0.000000 63827289.819877 0.000000 13 8
0.000000 56269991.939315 0.000000 14 18
0.000000 57028249.609950 0.000000 14 13
0.000000 58631452.737676 0.000000 12 12
0.000000 57012087.812333 0.000000 14 11
0.000000 57177746.237863 0.000000 14 14
0.000000 64117913.523751 0.000000 13 12
0.000000 63980883.694463 0.000000 13 7
0.000000 62486011.421591 0.000000 15 7
0.000000 62093350.614090 0.000000 15 9
0.000000 62434539.031095 0.000000 15 14
0.000000 62261003.543135 0.000000 15 10
0.000000 62336006.169287 0.000000 15 8
0.000000 62253650.344493 0.000000 15 11
0.000000 62271298.021235 0.000000 15 13
0.000000 62619839.636767 0.000000 15 12
0.000000 52025293.691447 0.000000 16 0
0.000000 60885955.396533 0.000000 15 17
0.000000 52601173.948432 0.000000 16 1
0.000000 61443327.854093 0.000000 15 18
0.000000 62571308.525771 0.000000 15 16
0.000000 61544801.995365 0.000000 15 15
0.000000 59422668.865857 0.000000 15 19
0.000000 52467993.931917 0.000000 16 2
0.000000 52466760.783616 0.000000 16 3
0.000000 52299052.614655 0.000000 16 5
0.000000 52249726.682595 0.000000 16 4
0.000000 52754084.337764 0.000000 16 6
0.000000 52065987.585462 0.000000 16 9
0.000000 52395238.182154 0.000000 16 7
0.000000 52507454.677551 0.000000 16 12
0.000000 52269457.055419 0.000000 16 8
0.000000 52215198.530153 0.000000 16 13
0.000000 52200400.750535 0.000000 16 11
0.000000 52206566.492043 0.000000 16 10
0.000000 52352077.991617 0.000000 16 14
0.000000 55104735.848472 0.000000 17 2
0.000000 51606023.268903 0.000000 16 15
0.000000 54896221.641770 0.000000 17 8
0.000000 54639788.021107 0.000000 17 0
0.000000 55103440.729176 0.000000 17 3
0.000000 55146179.665953 0.000000 17 12
0.000000 54927304.504881 0.000000 17 5
0.000000 54875499.733030 0.000000 17 4
0.000000 55028323.809991 0.000000 17 7
0.000000 55405203.525209 0.000000 17 6
0.000000 54830170.557660 0.000000 17 10
0.000000 54982994.634621 0.000000 17 14
0.000000 52466760.783616 0.000000 16 16
0.000000 55244608.732470 0.000000 17 1
0.000000 54682526.957884 0.000000 17 9
0.000000 49826590.268420 0.000000 16 19
0.000000 54823694.961179 0.000000 17 11
0.000000 51053572.829724 0.000000 16 17
0.000000 54839236.392734 0.000000 17 13
0.000000 52330590.315431 0.000000 17 19
0.000000 51520936.036101 0.000000 16 18
0.000000 53619234.015477 0.000000 17 17
0.000000 61014331.729909 0.000000 18 6
0.000000 60729084.736960 0.000000 18 12
0.000000 57628449.923301 0.000000 18 19
0.000000 55103440.729176 0.000000 17 16
0.000000 60488051.027912 0.000000 18 5
0.000000 60218492.619577 0.000000 18 9
0.000000 60373952.230733 0.000000 18 11
0.000000 60682018.983120 0.000000 18 3
0.000000 54110084.228857 0.000000 17 18
0.000000 54199447.460370 0.000000 17 15
0.000000 60837478.594309 0.000000 18 1
0.000000 60381083.405557 0.000000 18 10
0.000000 60391067.050310 0.000000 18 13
0.000000 54992873.271798 0.000000 19 4
0.000000 59047553.713560 0.000000 18 17
0.000000 55362771.761066 0.000000 19 1
0.000000 60453821.388758 0.000000 18 8
0.000000 60682018.983120 0.000000 18 16
0.000000 60683445.218085 0.000000 18 2
0.000000 54756657.394543 0.000000 19 0
0.000000 60599297.355161 0.000000 18 7
0.000000 60431001.629322 0.000000 18 4
0.000000 59686506.977731 0.000000 18 15
0.000000 55222599.702007 0.000000 19 2
0.000000 55100598.095032 0.000000 19 14
0.000000 59588096.765167 0.000000 18 18
0.000000 54940957.694327 0.000000 19 11
0.000000 60171426.865741 0.000000 18 0
0.000000 54956532.367568 0.000000 19 13
0.000000 55523710.051006 0.000000 19 6
0.000000 60549379.131395 0.000000 18 14
0.000000 55146024.225288 0.000000 19 7
0.000000 55044788.849269 0.000000 19 5
0.000000 55221301.812571 0.000000 19 3
0.000000 55221301.812571 0.000000 19 16
0.000000 54799487.745877 0.000000 19 9
0.000000 54315374.987086 0.000000 19 15
0.000000 55013639.502786 0.000000 19 8
0.000000 53733920.520949 0.000000 19 17
0.000000 54947447.141511 0.000000 19 10
0.000000 55264132.163955 0.000000 19 12
0.000000 54225820.616178 0.000000 19 18
0.000000 52442520.533529 0.000000 19 19
0.000000 0.000000 816302215.000000 19 19
0.000000 0.000000 872763310.000000 18 18
0.000000 0.000000 857000700.000000 17 17
0.000000 0.000000 889934766.000000 0 0
0.000000 0.000000 891327531.000000 9 9
0.000000 0.000000 905144878.000000 2 2
0.000000 0.000000 898307691.000000 8 8
0.000000 0.000000 902636316.000000 7 7
0.000000 0.000000 905102331.000000 3 3
0.000000 0.000000 896147280.000000 10 10
0.000000 0.000000 875648476.000000 15 15
0.000000 0.000000 905102331.000000 16 16
0.000000 0.000000 896443653.000000 13 13
0.000000 0.000000 901149831.000000 14 14
0.000000 0.000000 899325255.000000 5 5
0.000000 0.000000 915042810.000000 6 6
0.000000 0.000000 897629635.000000 4 4
0.000000 0.000000 906506910.000000 12 12
0.000000 0.000000 895935615.000000 11 11
0.000000 0.000000 909745840.000000 1 1
0.000000 0.000000 1762656420.000000 0 18
0.000000 0.000000 1719154082.000000 3 19
0.000000 0.000000 1746666789.000000 0 17
0.000000 0.000000 1788265143.000000 0 8
0.000000 0.000000 1795057572.000000 0 2
0.000000 0.000000 1792568421.000000 0 7
0.000000 0.000000 1808059872.000000 1 8
0.000000 0.000000 1801609964.000000 2 13
0.000000 0.000000 1761529748.000000 2 17
0.000000 0.000000 1780591252.000000 2 15
0.000000 0.000000 1704688734.000000 0 19
0.000000 0.000000 1782167680.000000 1 18
0.000000 0.000000 1777613660.000000 3 18
0.000000 0.000000 1789277679.000000 0 5
0.000000 0.000000 1787590119.000000 0 4
0.000000 0.000000 1777655440.000000 2 18
0.000000 0.000000 1723558336.000000 1 19
0.000000 0.000000 1824823680.000000 1 6
0.000000 0.000000 1804845420.000000 0 6
0.000000 0.000000 1800301419.000000 4 7
0.000000 0.000000 1805671136.000000 1 11
0.000000 0.000000 1810917824.000000 1 14
0.000000 0.000000 1801021632.000000 1 9
0.000000 0.000000 1811693840.000000 2 12
0.000000 0.000000 1801099388.000000 2 11
0.000000 0.000000 1801312128.000000 2 10
0.000000 0.000000 1806332792.000000 2 14
0.000000 0.000000 1796461656.000000 2 9
0.000000 0.000000 1809083616.000000 1 5
0.000000 0.000000 1785902559.000000 0 11
0.000000 0.000000 1812631380.000000 4 6
0.000000 0.000000 1791091806.000000 0 14
0.000000 0.000000 1785110944.000000 1 15
0.000000 0.000000 1799613984.000000 0 1
0.000000 0.000000 1810289756.000000 2 16
0.000000 0.000000 1780549403.000000 3 15
0.000000 0.000000 1766001056.000000 1 17
0.000000 0.000000 1788988362.000000 4 9
0.000000 0.000000 1803482076.000000 2 8
0.000000 0.000000 1719194488.000000 2 19
0.000000 0.000000 1814927488.000000 1 2
0.000000 0.000000 1786408827.000000 0 13
0.000000 0.000000 1807821972.000000 2 7
0.000000 0.000000 1761488347.000000 3 17
0.000000 0.000000 1795015383.000000 0 16
0.000000 0.000000 1812410784.000000 1 7
0.000000 0.000000 1814884832.000000 1 3
0.000000 0.000000 1765567461.000000 0 15
0.000000 0.000000 1806290338.000000 3 14
0.000000 0.000000 1781303958.000000 0 9
0.000000 0.000000 1801567621.000000 3 13
0.000000 0.000000 1807377376.000000 1 4
0.000000 0.000000 1795979577.000000 4 8
0.000000 0.000000 1807779483.000000 3 7
0.000000 0.000000 1810247209.000000 3 16
0.000000 0.000000 1795015383.000000 0 3
0.000000 0.000000 1796407620.000000 0 12
0.000000 0.000000 1803439689.000000 3 8
0.000000 0.000000 1814884832.000000 1 16
0.000000 0.000000 1796996481.000000 4 5
0.000000 0.000000 1811651260.000000 3 12
0.000000 0.000000 1786113504.000000 0 10
0.000000 0.000000 1806183008.000000 1 13
0.000000 0.000000 1805884416.000000 1 10
0.000000 0.000000 1816292480.000000 1 12
0.000000 0.000000 1796419434.000000 3 9
0.000000 0.000000 1820203440.000000 2 6
0.000000 0.000000 1820160660.000000 3 6
0.000000 0.000000 1793818656.000000 4 10
0.000000 0.000000 1801057057.000000 3 11
0.000000 0.000000 1810289756.000000 2 3
0.000000 0.000000 1801269792.000000 3 10
0.000000 0.000000 1804503228.000000 2 5
0.000000 0.000000 1804460817.000000 3 5
0.000000 0.000000 1802801308.000000 2 4
0.000000 0.000000 1802758937.000000 3 4
0.000000 0.000000 1794115253.000000 4 13
0.000000 0.000000 1793606801.000000 4 11
0.000000 0.000000 1773183979.000000 4 15
0.000000 0.000000 1804157180.000000 4 12
0.000000 0.000000 1754201771.000000 4 17
0.000000 0.000000 1712042626.000000 4 19
0.000000 0.000000 1802758937.000000 4 16
0.000000 0.000000 1798818434.000000 4 14
0.000000 0.000000 1795808973.000000 5 13
0.000000 0.000000 1802000979.000000 5 7
0.000000 0.000000 1770260380.000000 4 18
0.000000 0.000000 1805860380.000000 5 12
0.000000 0.000000 1804460817.000000 5 16
0.000000 0.000000 1774857939.000000 5 15
0.000000 0.000000 1790677242.000000 5 9
0.000000 0.000000 1814342580.000000 5 6
0.000000 0.000000 1797675057.000000 5 8
0.000000 0.000000 1795512096.000000 5 10
0.000000 0.000000 1800516594.000000 5 14
0.000000 0.000000 1795300041.000000 5 11
1742481.435161 0.000000 0.000000 0 1
1694772.141649 0.000000 0.000000 0 2
1930644.756415 0.000000 0.000000 0 4
1956957.740627 0.000000 0.000000 0 3
1898831.483774 0.000000 0.000000 0 6
1717939.219338 0.000000 0.000000 0 5
1990079.563991 0.000000 0.000000 0 7
2109578.634954 0.000000 0.000000 0 8
1704561.786018 0.000000 0.000000 0 10
1962429.106302 0.000000 0.000000 0 9
1860656.895050 0.000000 0.000000 0 12
1767173.957348 0.000000 0.000000 0 11
2034768.581420 0.000000 0.000000 0 13
1819909.181179 0.000000 0.000000 0 14
1987227.519296 0.000000 0.000000 0 15
1666313.096774 0.000000 0.000000 0 16
1750052.482898 0.000000 0.000000 0 17
1927224.808086 0.000000 0.000000 0 18
1753795.680655 0.000000 0.000000 0 19
1617323.432253 0.000000 0.000000 1 2
1867527.517159 0.000000 0.000000 1 3
1842416.999414 0.000000 0.000000 1 4
1639431.806991 0.000000 0.000000 1 5
1812057.548705 0.000000 0.000000 1 6
1899135.719660 0.000000 0.000000 1 7
2013173.850717 0.000000 0.000000 1 8
1626665.703608 0.000000 0.000000 1 10
1872748.849100 0.000000 0.000000 1 9
0.000000 0.000000 1755857811.000000 5 17
1775627.485129 0.000000 0.000000 1 12
1686416.586541 0.000000 0.000000 1 11
1896414.009408 0.000000 0.000000 1 15
1736741.884621 0.000000 0.000000 1 14
1941782.511684 0.000000 0.000000 1 13
1839153.337924 0.000000 0.000000 1 18
1590164.925806 0.000000 0.000000 1 16
1670077.539455 0.000000 0.000000 1 17
1673649.678330 0.000000 0.000000 1 19
1791971.461443 0.000000 0.000000 2 4
1816394.451027 0.000000 0.000000 2 3
0.000000 0.000000 1713658866.000000 5 19
1762443.255143 0.000000 0.000000 2 6
1594544.021276 0.000000 0.000000 2 5
1847137.218190 0.000000 0.000000 2 7
1958052.975283 0.000000 0.000000 2 8
1821472.822444 0.000000 0.000000 2 9
1582127.454915 0.000000 0.000000 2 10
1640242.353470 0.000000 0.000000 2 11
1727010.649883 0.000000 0.000000 2 12
1888616.337333 0.000000 0.000000 2 13
1844490.028600 0.000000 0.000000 2 15
1689189.740502 0.000000 0.000000 2 14
1546626.071589 0.000000 0.000000 2 16
1788797.159295 0.000000 0.000000 2 18
1627825.004317 0.000000 0.000000 2 19
1624350.670915 0.000000 0.000000 2 17
2069194.044597 0.000000 0.000000 3 4
0.000000 0.000000 1771931580.000000 5 18
2035097.749018 0.000000 0.000000 3 6
2132894.085469 0.000000 0.000000 3 7
0.000000 0.000000 1771134780.000000 6 17
1841224.072852 0.000000 0.000000 3 5
2260968.794784 0.000000 0.000000 3 8
0.000000 0.000000 1810920180.000000 6 11
1994183.628807 0.000000 0.000000 3 12
1893992.054296 0.000000 0.000000 3 11
2180790.130774 0.000000 0.000000 3 13
1826886.631819 0.000000 0.000000 3 10
2103259.341846 0.000000 0.000000 3 9
0.000000 0.000000 1775190420.000000 7 18
1950511.727700 0.000000 0.000000 3 14
1875641.887674 0.000000 0.000000 3 17
2065528.669760 0.000000 0.000000 3 18
2129837.368856 0.000000 0.000000 3 15
1785893.093397 0.000000 0.000000 3 16
1879653.709367 0.000000 0.000000 3 19
1816467.227595 0.000000 0.000000 4 5
0.000000 0.000000 1790300220.000000 6 15
2007734.105014 0.000000 0.000000 4 6
2104215.485396 0.000000 0.000000 4 7
0.000000 0.000000 1809181620.000000 7 12
2074979.206456 0.000000 0.000000 4 9
1802322.565818 0.000000 0.000000 4 10
2230568.119817 0.000000 0.000000 4 8
1967370.110429 0.000000 0.000000 4 12
0.000000 0.000000 1759087089.000000 7 17
1868525.698027 0.000000 0.000000 4 11
1850422.265219 0.000000 0.000000 4 17
2151467.527075 0.000000 0.000000 4 13
1761880.220870 0.000000 0.000000 4 16
2101199.868979 0.000000 0.000000 4 15
1924285.415690 0.000000 0.000000 4 14
0.000000 0.000000 1710628416.000000 10 19
0.000000 0.000000 1728568680.000000 6 19
0.000000 0.000000 1811134080.000000 6 10
0.000000 0.000000 1764035160.000000 9 18
2037755.855791 0.000000 0.000000 4 18
1984819.030897 0.000000 0.000000 5 8
1786535.378685 0.000000 0.000000 5 6
1846371.864239 0.000000 0.000000 5 9
1872387.085345 0.000000 0.000000 5 7
1854380.144511 0.000000 0.000000 4 19
1750618.419275 0.000000 0.000000 5 12
1662664.023674 0.000000 0.000000 5 11
1603754.710143 0.000000 0.000000 5 10
1712280.508277 0.000000 0.000000 5 14
1869703.709392 0.000000 0.000000 5 15
1914433.212850 0.000000 0.000000 5 13
0.000000 0.000000 1787348400.000000 6 18
0.000000 0.000000 1811433540.000000 6 13
0.000000 0.000000 1807779483.000000 7 16
0.000000 0.000000 1799111727.000000 7 13
0.000000 0.000000 1778122161.000000 7 15
1646555.106108 0.000000 0.000000 5 17
1772623.793437 0.000000 0.000000 6 10
2040787.582652 0.000000 0.000000 6 9
1650076.932709 0.000000 0.000000 5 19
1567768.032492 0.000000 0.000000 5 16
2193812.693163 0.000000 0.000000 6 8
1837736.026722 0.000000 0.000000 6 11
1813249.533591 0.000000 0.000000 5 18
2069542.104546 0.000000 0.000000 6 7
0.000000 0.000000 1716810534.000000 7 19
0.000000 0.000000 1798601859.000000 7 11
0.000000 0.000000 1821572400.000000 6 12
2116015.524429 0.000000 0.000000 6 13
1819930.903292 0.000000 0.000000 6 17
2066576.179623 0.000000 0.000000 6 15
1732847.859718 0.000000 0.000000 6 16
2004177.600446 0.000000 0.000000 6 18
1934951.675346 0.000000 0.000000 6 12
1892576.932624 0.000000 0.000000 6 14
0.000000 0.000000 1803828006.000000 7 14
0.000000 0.000000 1706022132.000000 9 19
0.000000 0.000000 1748033022.000000 9 17
2100488.073501 0.000000 0.000000 7 18
1823823.564428 0.000000 0.000000 6 19
2138857.343257 0.000000 0.000000 7 9
2217700.353211 0.000000 0.000000 7 13
1857806.980822 0.000000 0.000000 7 10
2165885.207635 0.000000 0.000000 7 15
1926048.173330 0.000000 0.000000 7 11
1911467.149614 0.000000 0.000000 7 19
2027935.506293 0.000000 0.000000 7 12
1983524.451262 0.000000 0.000000 7 14
1816119.620195 0.000000 0.000000 7 16
1907387.427198 0.000000 0.000000 7 17
2299236.053961 0.000000 0.000000 7 8
0.000000 0.000000 1816182120.000000 6 14
1925172.851683 0.000000 0.000000 8 16
2102629.904858 0.000000 0.000000 8 14
2226616.886587 0.000000 0.000000 8 18
2021921.051703 0.000000 0.000000 8 17
2267290.130604 0.000000 0.000000 8 9
2295940.947520 0.000000 0.000000 8 15
2350867.457018 0.000000 0.000000 8 13
2149707.727547 0.000000 0.000000 8 12
2041702.326815 0.000000 0.000000 8 11
1969363.429245 0.000000 0.000000 8 10
0.000000 0.000000 1820160660.000000 6 16
1999759.072585 0.000000 0.000000 9 12
1831994.337829 0.000000 0.000000 9 10
2186887.298854 0.000000 0.000000 9 13
2026245.750776 0.000000 0.000000 8 19
1899287.377187 0.000000 0.000000 9 11
0.000000 0.000000 1770928860.000000 8 18
0.000000 0.000000 1806257160.000000 6 9
0.000000 0.000000 1752752736.000000 10 17
0.000000 0.000000 1766948478.000000 9 15
0.000000 0.000000 1794496032.000000 8 10
1698947.138815 0.000000 0.000000 10 14
0.000000 0.000000 1787510592.000000 9 10
1555559.968273 0.000000 0.000000 10 16
1799129.927699 0.000000 0.000000 10 18
1855144.500068 0.000000 0.000000 10 15
1612698.986668 0.000000 0.000000 11 16
0.000000 0.000000 1798814304.000000 7 10
1693744.033608 0.000000 0.000000 11 17
1633733.534255 0.000000 0.000000 10 17
1899525.699032 0.000000 0.000000 10 13
1884908.944357 0.000000 0.000000 9 19
1969299.308582 0.000000 0.000000 11 13
1963885.106730 0.000000 0.000000 12 18
1697366.792889 0.000000 0.000000 11 19
1783342.551805 0.000000 0.000000 12 17
1698010.247777 0.000000 0.000000 12 16
1761353.072239 0.000000 0.000000 11 14
1955965.071275 0.000000 0.000000 9 14
1649717.013175 0.000000 0.000000 10 11
1736986.516060 0.000000 0.000000 10 12
2071303.583771 0.000000 0.000000 9 18
1923287.894006 0.000000 0.000000 11 15
1865215.787537 0.000000 0.000000 11 18
1854528.086978 0.000000 0.000000 12 14
1880885.906200 0.000000 0.000000 9 17
1790886.187513 0.000000 0.000000 9 16
2025029.209077 0.000000 0.000000 12 15
2028066.267770 0.000000 0.000000 13 14
2135792.080518 0.000000 0.000000 9 15
1637227.936718 0.000000 0.000000 10 19
1800789.716527 0.000000 0.000000 11 12
2073474.612781 0.000000 0.000000 12 13
1787156.953893 0.000000 0.000000 12 19
0.000000 0.000000 1803439689.000000 8 16
0.000000 0.000000 1768589180.000000 11 18
2214522.098112 0.000000 0.000000 13 15
1856902.211419 0.000000 0.000000 13 16
0.000000 0.000000 1796419434.000000 9 16
0.000000 0.000000 1792492788.000000 9 14
0.000000 0.000000 1773853563.000000 8 15
0.000000 0.000000 1710426386.000000 11 19
0.000000 0.000000 1804838460.000000 8 12
0.000000 0.000000 1794792741.000000 8 13
0.000000 0.000000 1712689122.000000 8 19
0.000000 0.000000 1813315860.000000 6 8
0.000000 0.000000 1817679420.000000 6 7
0.000000 0.000000 1768798080.000000 10 18
0.000000 0.000000 1787806146.000000 9 13
0.000000 0.000000 1794284097.000000 8 11
0.000000 0.000000 1800981243.000000 7 8
0.000000 0.000000 1801269792.000000 10 16
0.000000 0.000000 1752545731.000000 11 17
0.000000 0.000000 1754864187.000000 8 17
0.000000 0.000000 1793970558.000000 7 9
0.000000 0.000000 1787299482.000000 9 11
0.000000 0.000000 1799497698.000000 8 14
1920876.732313 0.000000 0.000000 14 18
1680921.653428 0.000000 0.000000 17 19
1954390.854934 0.000000 0.000000 13 19
1904653.891168 0.000000 0.000000 15 17
2097477.798952 0.000000 0.000000 15 18
1600490.152800 0.000000 0.000000 16 19
1744287.994126 0.000000 0.000000 14 17
1847144.423187 0.000000 0.000000 17 18
1980681.800908 0.000000 0.000000 14 15
1660824.436730 0.000000 0.000000 14 16
1950219.518700 0.000000 0.000000 13 17
2147656.412812 0.000000 0.000000 13 18
1908727.766808 0.000000 0.000000 15 19
1597074.161289 0.000000 0.000000 16 17
1851095.291482 0.000000 0.000000 18 19
1748018.862185 0.000000 0.000000 14 19
1813516.882888 0.000000 0.000000 15 16
1758759.222406 0.000000 0.000000 16 18
0.000000 0.000000 1789663914.000000 8 9
0.000000 0.000000 1771719264.000000 10 15
0.000000 0.000000 1797812760.000000 9 12
0.000000 0.000000 1801057057.000000 11 16
0.000000 0.000000 1720487480.000000 12 19
0.000000 0.000000 1771510019.000000 11 15
0.000000 0.000000 1762854580.000000 12 17
0.000000 0.000000 1801567621.000000 13 16
0.000000 0.000000 1778992400.000000 12 18
0.000000 0.000000 1802666880.000000 10 12
0.000000 0.000000 1811651260.000000 12 16
0.000000 0.000000 1792633248.000000 10 13
0.000000 0.000000 1797332544.000000 10 14
0.000000 0.000000 1802453980.000000 11 12
0.000000 0.000000 1792125216.000000 10 11
0.000000 0.000000 1792421533.000000 11 13
0.000000 0.000000 1781930420.000000 12 15
0.000000 0.000000 1772012207.000000 13 15
0.000000 0.000000 1797120274.000000 11 14
0.000000 0.000000 1797629722.000000 13 14
0.000000 0.000000 1807691320.000000 12 14
0.000000 0.000000 1802964940.000000 12 13
0.000000 0.000000 1710911258.000000 13 19
0.000000 0.000000 1753042543.000000 13 17
0.000000 0.000000 1757638054.000000 14 17
0.000000 0.000000 1715396324.000000 14 19
0.000000 0.000000 1769090540.000000 13 18
0.000000 0.000000 1719154082.000000 16 19
0.000000 0.000000 1732590449.000000 15 17
0.000000 0.000000 1690950694.000000 15 19
0.000000 0.000000 1672848806.000000 17 19
0.000000 0.000000 1806290338.000000 14 16
0.000000 0.000000 1688162680.000000 18 19
0.000000 0.000000 1729733780.000000 17 18
0.000000 0.000000 1777613660.000000 16 18
0.000000 0.000000 1776657446.000000 14 15
0.000000 0.000000 1748451220.000000 15 18
0.000000 0.000000 1780549403.000000 15 16
0.000000 0.000000 1773728120.000000 14 18
0.000000 0.000000 1761488347.000000 16 17
